###FILE ALREADY PARSED###
BPM 0 120
1253 0 1
1411 0 1
1568-1884 0 3
1568-1884 0 5
1884 0 1
2042 0 1
2200-2516 0 3
2200-2516 0 6
2516 0 1
2674 0 1
2832-3147 0 3
2832-3147 0 5
3147 0 1
3305 0 1
3463-3779 0 3
3463-3779 0 4
3779 0 1
3937 0 1
4095-4411 0 3
4095-4411 0 5
4411 0 1
4568 0 1
4726-5042 0 3
4726-5042 0 6
5042-5674 0 4
5042-5674 0 7
5674-6305 0 1
5674-6305 0 5
6305-6937 0 3
6305-6937 0 6
6937-7568 0 1
6937-7568 0 2
7568 0 2
7726 0 2
7884 0 4
8042 0 6
8121 0 5
8200 0 2
8358 0 2
8595 0 4
8674 0 5
8753 0 4
8832 0 2
8990 0 2
9147 0 4
9305 0 6
9384 0 5
9463 0 2
9621 0 2
9858 0 4
9937 0 5
10016 0 4
10095 0 2
10253 0 2
10411 0 4
10568 0 6
10647 0 5
10726 0 2
10884 0 2
11121 0 4
11200 0 5
11279 0 4
11358 0 2
11516 0 2
11674 0 4
11832 0 6
11911 0 5
11990 0 2
12147 0 2
12384 0 4
12463 0 5
12542 0 4
12621 0 1
12621 0 2
12779 0 2
12937 0 1
12937 0 4
13095 0 6
13174 0 5
13253 0 1
13253 0 2
13411 0 2
13568 0 1
13647 0 4
13726 0 5
13805 0 4
13884 0 1
13884 0 2
14042 0 2
14200 0 1
14200 0 4
14358 0 6
14437 0 5
14516 0 1
14516 0 2
14674 0 1
14674 0 2
14832 0 1
14911 0 4
14990 0 5
15068 0 4
15147 0 1
15147 0 2
15305 0 2
15463 0 1
15463 0 4
15621 0 6
15700 0 5
15779 0 1
15779 0 2
15937 0 2
16095 0 1
16174 0 4
16253 0 5
16332 0 4
16411 0 1
16411 0 2
16568 0 2
16726 0 1
16726 0 4
16884 0 1
16884 0 6
16963 0 5
17042 0 1
17042 0 2
17200 0 2
17358 0 1
17437 0 4
17516 0 5
17595 0 4
17674 0 1
17674 0 2
17832 0 2
17832-17990 0 7
17990 0 1
17990 0 4
18147 0 6
18147-18305 0 7
18226 0 5
18305 0 1
18305 0 2
18463 0 2
18463-18621 0 7
18621 0 1
18700 0 4
18779 0 5
18779-18937 0 7
18858 0 4
18937 0 1
18937 0 2
19095 0 2
19095-19253 0 7
19253 0 1
19253 0 4
19411 0 6
19411-19568 0 7
19490 0 5
19568 0 1
19568 0 2
19726 0 1
19726 0 2
19726-19884 0 7
19884 0 1
19963 0 4
20042 0 5
20042 0 7
20121 0 4
20200 0 1
20200 0 2
20200 0 7
20358 0 2
20358-20516 0 7
20516 0 1
20516 0 4
20674 0 6
20674-20832 0 7
20753 0 5
20832 0 1
20832 0 2
20990 0 2
20990-21147 0 7
21147 0 1
21226 0 4
21305 0 5
21305-21463 0 7
21384 0 4
21463 0 1
21463 0 2
21621 0 2
21621-21779 0 7
21779 0 1
21779 0 4
21937 0 1
21937 0 6
21937-22095 0 7
22016 0 5
22095 0 1
22095 0 2
22253 0 2
22253-22411 0 7
22411 0 1
22490 0 4
22568 0 5
22647 0 2
22726 0 4
22726 0 7
22805 0 3
22805 0 6
22884-23200 0 4
22884-23200 0 7
23200 0 3
23200 0 6
23279 0 2
23279 0 5
23358-23674 0 3
23358-23674 0 6
23674 0 2
23674 0 5
23753 0 1
23753 0 4
23832-23990 0 2
23832-23990 0 5
24147-24305 0 3
24305-24463 0 4
24621-24779 0 5
24937 0 5
25016 0 3
25095 0 4
25174 0 7
25253-25411 0 2
25253-25411 0 6
25568-25726 0 2
25568-25726 0 6
26042-26200 0 2
26042-26200 0 6
26358 0 2
26358 0 6
26516-26674 0 2
26516-26674 0 6
26832 0 2
26832 0 6
26990-27147 0 1
26990-27147 0 4
27305 0 1
27305 0 4
27463-27621 0 2
27463-27621 0 5
27779-27937 0 2
27779-27937 0 6
28095-28253 0 2
28095-28253 0 6
28568-28726 0 2
28568-28726 0 6
28884 0 2
28884 0 6
29042-29200 0 2
29042-29200 0 6
29358 0 2
29358 0 6
29516-29674 0 3
29516-29674 0 7
29832 0 3
29832 0 7
29990-30147 0 1
29990-30147 0 5
30305-30463 0 3
30305-30463 0 5
30305-30463 0 6
30621-30779 0 3
30621-30779 0 5
30621-30779 0 6
31095-31253 0 3
31095-31253 0 5
31095-31253 0 6
31411 0 3
31411 0 5
31411 0 6
31568-31726 0 3
31568-31726 0 5
31568-31726 0 6
31884 0 3
31884 0 5
31884 0 6
32042-32200 0 1
32042-32200 0 2
32042-32200 0 4
32358 0 1
32358 0 2
32358 0 4
32516-32674 0 2
32516-32674 0 3
32516-32674 0 5
32832-32990 0 3
32832-32990 0 5
32832-32990 0 6
33147-33305 0 3
33147-33305 0 5
33147-33305 0 6
33621-33779 0 3
33621-33779 0 5
33621-33779 0 6
33937 0 3
33937 0 5
33937 0 6
34095-34253 0 3
34095-34253 0 5
34095-34253 0 6
34411 0 3
34411 0 5
34411 0 6
34568-34726 0 4
34568-34726 0 6
34568-34726 0 7
34884 0 4
34884 0 6
34884 0 7
35042-35200 0 2
35042-35200 0 3
35042-35200 0 5
35358-35674 0 1
35832-35990 0 2
35990-37253 0 4
36621-37253 0 7
37253-37568 0 5
37253-37568 0 7
37726 0 4
37726 0 7
37805 0 3
37805 0 6
37884-38516 0 5
37884-40411 0 2
38516-38990 0 7
38990 0 6
39068 0 5
39147-40411 0 4
39779-39990 0 6
39990-40200 0 5
40200-40411 0 7
40411-40726 0 1
40411-41674 0 6
40884-41042 0 2
41042-42305 0 4
41674-42305 0 5
42305-42516 0 3
42305-42516 0 6
42516-42726 0 2
42516-42726 0 5
42726-42937 0 3
42726-42937 0 6
42937-43358 0 7
42937-44990 0 4
43568-43779 0 7
43779-43990 0 6
43990-44200 0 1
44200-44990 0 2
44990 0 1
45147 0 2
45305 0 3
45463-45779 0 1
45463-46726 0 7
45937-46095 0 2
46095-47358 0 4
46726-47358 0 6
47358-47674 0 5
47358-47674 0 7
47832 0 4
47832 0 7
47911 0 3
47911 0 6
47990-48621 0 5
47990-50516 0 2
48621-49095 0 7
49095 0 6
49174 0 5
49253-50516 0 4
49884-50095 0 6
50095-50305 0 5
50305-50516 0 7
50516-50832 0 1
50516-52411 0 6
50990-51147 0 2
51147-52411 0 4
52411-52621 0 5
52621-52832 0 4
52832-53042 0 5
53042-53358 0 6
53042-54937 0 2
53516 0 7
53674-54937 0 6
54937-55411 0 1
54937-55411 0 4
55568-56042 0 2
55568-56042 0 5
56042 0 1
56042 0 3
56200-57305 0 1
56200-57305 0 3
57463-57621 0 3
57463-57621 0 4
57779-57937 0 2
57779-57937 0 5
58095-58568 0 1
58095-58568 0 6
58568 0 2
58568 0 4
58726-59832 0 2
58726-59832 0 4
59990-60147 0 1
59990-60147 0 3
59990-60147 0 5
60305-60463 0 2
60305-60463 0 4
60305-60463 0 6
60621 0 3
60621 0 5
60621 0 7
60937 0 3
60937 0 5
60937 0 7
61411 0 3
61411 0 5
61411 0 7
61726 0 3
61726 0 5
61726 0 7
61884 0 3
61884 0 5
61884 0 7
62200 0 3
62200 0 5
62200 0 7
62358-62516 0 1
62358-62516 0 3
62358-62516 0 5
62674 0 1
62674 0 3
62674 0 5
62832-62990 0 2
62832-62990 0 4
62832-62990 0 6
63147 0 3
63147 0 5
63147 0 7
63463 0 3
63463 0 5
63463 0 7
63937 0 3
63937 0 5
63937 0 7
64253 0 3
64253 0 5
64253 0 7
64411 0 3
64411 0 5
64411 0 7
64726 0 3
64726 0 5
64726 0 7
64884-65042 0 2
64884-65042 0 4
64884-65042 0 6
65200 0 2
65200 0 4
65200 0 6
65358-65516 0 1
65358-65516 0 3
65358-65516 0 5
65674 0 3
65832 0 6
65832-65990 0 1
65911 0 5
65990 0 3
65990 0 7
66147 0 6
66147-66305 0 1
66226 0 5
66305 0 3
66463 0 6
66463-66621 0 1
66542 0 5
66621 0 3
66621 0 7
66779 0 6
66779-66937 0 1
66858 0 5
66937 0 3
67095 0 6
67095-67253 0 1
67174 0 5
67253 0 3
67253 0 7
67411 0 6
67411-67568 0 1
67490 0 5
67568 0 3
67726 0 3
67726 0 6
67726-67884 0 1
67805 0 5
67884 0 3
67884 0 7
68042 0 6
68042-68200 0 1
68121 0 5
68200 0 3
68358 0 6
68358-68516 0 1
68437 0 5
68516 0 3
68516 0 7
68674 0 6
68674-68832 0 1
68753 0 5
68832 0 3
68990 0 6
68990-69147 0 1
69068 0 5
69147 0 3
69147 0 7
69305 0 6
69305-69463 0 1
69384 0 5
69463 0 3
69463-69779 0 7
69621-69779 0 1
69779 0 3
69779-70095 0 5
69937 0 3
69937-70095 0 1
70095 0 3
70095-70411 0 7
70253-70411 0 1
70411 0 3
70411-70726 0 5
70568-70726 0 1
70726 0 3
70726-70884 0 7
70884 0 6
70884-71042 0 1
70963 0 5
71042 0 3
71042 0 7
71200 0 6
71200-71358 0 1
71279 0 5
71358 0 3
71358-71516 0 7
71516 0 6
71516-71674 0 1
71595 0 5
71674 0 3
71674 0 7
71832 0 6
71832-71990 0 1
71911 0 5
71990 0 3
71990-72147 0 7
72147 0 6
72147-72305 0 1
72226 0 5
72305 0 3
72305 0 7
72463 0 6
72463-72621 0 1
72542 0 5
72621 0 3
72621-72779 0 7
72779 0 3
72779 0 6
72779-72937 0 1
72858 0 5
72937 0 3
72937 0 7
73095 0 6
73095-73253 0 1
73174 0 5
73253 0 3
73253-73411 0 7
73411 0 6
73411-73568 0 1
73490 0 5
73568 0 3
73568 0 7
73726 0 6
73726-73884 0 1
73805 0 5
73884 0 3
73884-74042 0 7
74042 0 6
74042-74200 0 1
74121 0 5
74200 0 3
74200 0 7
74358 0 6
74358-74516 0 1
74437 0 5
74516 0 3
74516-74726 0 7
74674-74832 0 1
74726-74937 0 5
74832 0 3
74937-75147 0 6
74990 0 3
74990-75147 0 1
75147 0 1
75147 0 4
75226 0 2
75226 0 5
75305 0 3
75305 0 6
75384 0 4
75384 0 7
75463 0 3
75463 0 6
75542 0 4
75542 0 7
75621 0 1
75621 0 5
75700 0 2
75700 0 6
75779-76095 0 3
75779-76253 0 7
76095-76253 0 2
76253 0 1
76253 0 6
76332 0 3
76332 0 5
76411-76726 0 2
76411-76884 0 4
76726-76884 0 1
76884 0 2
76884 0 3
76963 0 1
76963 0 4
77042 0 2
77042 0 5
77358-77832 0 1
77358-77990 0 4
77832 0 1
77911 0 2
77990-78305 0 3
77990-78305 0 4
78305-78621 0 3
78305-78779 0 7
78621-78779 0 2
78779 0 1
78779 0 6
78858 0 3
78858 0 5
78937-79253 0 2
78937-79411 0 4
79253-79411 0 1
79411 0 1
79411 0 3
79490 0 2
79490 0 4
79568 0 3
79568 0 5
79884-80516 0 2
79884-80516 0 4
80516-80832 0 1
80516-80832 0 4
80832-81305 0 2
80832-81305 0 5
81305 0 1
81305 0 4
81384 0 2
81384 0 5
81463-82095 0 3
81463-82095 0 6
82095-82568 0 2
82095-82568 0 5
82568 0 1
82568 0 4
82647 0 2
82647 0 5
82726-83358 0 3
82726-83358 0 7
83358-83674 0 4
83358-83674 0 6
83674 0 7
83674-83990 0 3
83832 0 6
83990-84305 0 2
83990-84305 0 5
84305 0 1
84305 0 6
84463 0 2
84463 0 5
84621 0 1
84621 0 4
84779 0 3
84937 0 4
84937-85253 0 1
85095 0 5
85253 0 6
85253-85568 0 2
85411 0 4
85568 0 5
85568-85884 0 3
85726 0 6
85884-86200 0 3
85884-86358 0 7
86200-86358 0 2
86358 0 1
86358 0 6
86437 0 3
86437 0 5
86516-86832 0 2
86516-86990 0 4
86832-86990 0 1
86990 0 2
86990 0 3
87068 0 1
87068 0 4
87147 0 2
87147 0 5
87463-87937 0 1
87463-88095 0 4
87937 0 1
88016 0 2
88095-88411 0 3
88095-88411 0 4
88411-88726 0 3
88411-88884 0 7
88726-88884 0 2
88884 0 1
88884 0 6
88963 0 3
88963 0 5
89042-89358 0 2
89042-89516 0 4
89358-89516 0 1
89516 0 1
89516 0 3
89595 0 2
89595 0 4
89674 0 3
89674 0 5
89990-90621 0 2
89990-90621 0 4
90621-90937 0 1
90621-90937 0 4
90937-91411 0 2
90937-91411 0 5
91411 0 1
91411 0 4
91490 0 2
91490 0 5
91568-92200 0 3
91568-92200 0 6
92200-92674 0 2
92200-92674 0 5
92674 0 1
92674 0 4
92753 0 2
92753 0 5
92832-93463 0 3
92832-93463 0 7
93463-93779 0 4
93463-93779 0 6
93779 0 7
93779-94095 0 3
93937 0 6
94095-94411 0 2
94095-94411 0 5
94411 0 1
94411 0 6
94568 0 2
94568 0 5
94726 0 1
94726 0 4
94884 0 3
95042 0 4
95042-95358 0 1
95200 0 5
95358 0 6
95358-95674 0 2
95516 0 4
95674 0 5
95674-95990 0 3
95832 0 6
95990 0 7
96147 0 7
96305 0 7
96463 0 7
96621-96779 0 7
96779 0 6
96937 0 4
97095 0 5
97253 0 6
97253-97726 0 2
97411 0 5
97568 0 4
97726 0 3
97726-98200 0 1
97884 0 7
98042 0 5
98200 0 6
98200-98516 0 2
98358 0 5
98516-98990 0 3
98516-98990 0 4
98990 0 5
98990-99463 0 3
99147 0 4
99305 0 4
99463 0 5
99463-99779 0 2
99621 0 6
99779-100253 0 1
99779-100568 0 7
100253-100726 0 2
100568 0 3
100726 0 4
100726-101042 0 1
100884 0 5
101042-101516 0 3
101042-101516 0 6
101516 0 7
101516-101990 0 2
101595 0 6
101674-102305 0 5
101990-102305 0 1
102305 0 6
102305-102779 0 2
102463 0 5
102621 0 4
102779 0 5
102779-103253 0 1
102937 0 7
103095 0 6
103253 0 6
103253-103568 0 2
103411 0 7
103568-104042 0 3
103568-104042 0 5
104042 0 4
104042-104516 0 3
104200-104832 0 4
104516-104832 0 2
104832 0 6
104832-105305 0 1
104990 0 5
105147 0 4
105305 0 3
105305-105779 0 2
105463 0 7
105621 0 6
105779 0 5
105779-106095 0 1
105937 0 4
106095 0 7
106095-106884 0 2
106095-106884 0 3
106411 0 7
106726 0 7
107042 0 4
107042-107358 0 1
107200 0 5
107358 0 6
107358-107832 0 2
107516 0 5
107674 0 4
107832 0 1
107832 0 3
107990 0 2
107990 0 7
108147 0 1
108147 0 5
108305 0 3
108305 0 6
108463 0 2
108463 0 5
108621-108937 0 1
108621-109095 0 4
108937-109253 0 2
109095 0 5
109253 0 3
109253 0 4
109411 0 3
109411 0 4
109568 0 2
109568 0 5
109726 0 1
109726 0 6
109884-110674 0 7
110042 0 1
110200 0 2
110358 0 1
110516-111147 0 2
110674 0 3
110832 0 4
110990 0 5
111147-111621 0 6
111305 0 3
111463 0 4
111621 0 2
111621 0 7
111700 0 6
111779 0 3
111779-112411 0 5
111937 0 1
112095 0 2
112253 0 1
112411 0 6
112411-112726 0 2
112568 0 5
112726 0 4
112884 0 2
112884 0 5
113042 0 1
113042 0 7
113200 0 3
113200 0 6
113358 0 2
113358 0 6
113516 0 7
113516-114147 0 1
113674-114147 0 5
114147 0 4
114305 0 1
114305-114937 0 4
114463 0 3
114621 0 2
114779 0 1
114937 0 6
114937-115253 0 3
115095 0 5
115253 0 2
115253 0 4
115411 0 2
115411 0 3
115568 0 2
115568 0 7
115726 0 1
115726 0 6
115884 0 2
115884 0 5
116042 0 3
116042 0 4
116200 0 7
116200-116989 0 3
116358 0 6
116516 0 5
116674 0 4
116832-117147 0 2
116990 0 3
117147 0 4
117147-117463 0 1
117305 0 5
117463 0 3
117463-118095 0 6
117621 0 2
117779 0 1
117937 0 2
118095 0 4
118095-118568 0 7
118253 0 2
118411 0 1
118568 0 2
118568 0 6
118726 0 3
118726-119358 0 5
118884 0 2
119042 0 1
119200 0 2
119358 0 3
119516 0 2
119516 0 3
119674 0 1
119674 0 4
119832 0 2
119832 0 5
119990 0 3
119990-120305 0 6
120147 0 2
120305 0 1
120305-120621 0 6
120463 0 2
120621 0 4
120621-121095 0 7
120779 0 2
120937 0 1
121095 0 2
121095 0 6
121174 0 7
121253 0 3
121253-121884 0 6
121411 0 2
121568 0 1
121726 0 2
121884 0 3
121884 0 7
122042 0 2
122042 0 6
122200 0 1
122200 0 5
122358 0 2
122358 0 4
122516 0 3
122516-123147 0 5
122674 0 2
122832 0 1
122990 0 2
123147 0 3
123147-123463 0 4
123305 0 2
123463 0 1
123463-123779 0 7
123621 0 2
123779 0 4
123779-124411 0 6
123937 0 3
124095 0 1
124253 0 3
124411 0 4
124411-124726 0 5
124568 0 2
124726 0 1
124726-125042 0 4
124884 0 2
125042 0 3
125042-125674 0 5
125200 0 2
125358 0 1
125516 0 2
125674 0 3
125674-125990 0 6
125832 0 2
125990 0 1
125990-126305 0 7
126147 0 2
126305 0 4
126305-126937 0 7
126463 0 2
126621 0 1
126779 0 2
126937 0 3
126937-127568 0 6
127095 0 2
127253 0 1
127253 0 4
127411 0 2
127411 0 5
127568 0 6
127568-128042 0 2
127726 0 5
127884 0 4
128042 0 1
128042 0 3
128200 0 2
128200 0 7
128358 0 1
128358 0 5
128516 0 3
128516 0 6
128674 0 2
128674 0 5
128832-129147 0 1
128832-129305 0 4
129147-129463 0 2
129305 0 5
129463 0 3
129463 0 4
129621 0 3
129621 0 4
129779 0 2
129779 0 5
129937 0 1
129937 0 6
130095-130884 0 7
130253 0 1
130411 0 2
130568 0 1
130726-131358 0 2
130884 0 3
131042 0 4
131200 0 5
131358-131832 0 6
131516 0 3
131674 0 4
131832 0 2
131832 0 7
131911 0 6
131990 0 3
131990-132621 0 5
132147 0 1
132305 0 2
132463 0 1
132621 0 6
132621-132937 0 2
132779 0 5
132937 0 4
133095 0 2
133095 0 5
133253 0 1
133253 0 7
133411 0 3
133411 0 6
133568 0 2
133568 0 6
133726 0 7
133726-134358 0 1
133884-134358 0 5
134358 0 4
134516 0 1
134516-135147 0 4
134674 0 3
134832 0 2
134990 0 1
135147 0 6
135147-135463 0 3
135305 0 5
135463 0 2
135463 0 4
135621 0 2
135621 0 3
135779 0 2
135779 0 7
135937 0 1
135937 0 6
136095 0 2
136095 0 5
136253 0 3
136253 0 4
136411 0 7
136411-137200 0 3
136568 0 6
136726 0 5
136884 0 4
137042-137358 0 2
137516 0 3
137595 0 4
137674 0 5
137832 0 5
137990 0 5
138147 0 3
138226 0 4
138305 0 5
138463 0 5
138621 0 5
138779 0 3
138858 0 4
138937 0 5
139095 0 5
139253-139411 0 6
139490 0 5
139568-139884 0 4
140042 0 2
140121 0 3
140200 0 4
140358 0 4
140516 0 4
140674 0 2
140753 0 3
140832 0 4
140990 0 4
141147 0 4
141305 0 2
141384 0 3
141463 0 4
141621 0 4
141779 0 4
141858 0 3
141937 0 2
142016 0 3
142095-142411 0 1
142568 0 3
142647 0 4
142726 0 5
142884 0 5
143042 0 5
143200 0 3
143279 0 4
143358 0 5
143516 0 5
143674 0 5
143832 0 3
143911 0 4
143990 0 5
144147 0 5
144305-144463 0 6
144542 0 5
144621-144937 0 4
145095 0 3
145174 0 4
145253 0 5
145411 0 6
145411-145568 0 2
145568 0 5
145568-145726 0 1
145726 0 4
145884 0 3
146042 0 2
146042-146200 0 6
146200 0 1
146200-146358 0 5
146358 0 2
146358-146516 0 6
146516-146753 0 7
146516-146832 0 3
146516-146832 0 4
146832-147068 0 5
146832-147147 0 1
146832-147147 0 2
147147-147463 0 2
147147-147463 0 3
147147-147463 0 6
147621 0 4
147700 0 5
147779 0 6
147779-148095 0 2
147937 0 6
148095 0 5
148095-148411 0 3
148253 0 4
148411 0 7
148411-148726 0 1
148568 0 6
148726 0 5
148726-149042 0 2
148884 0 6
149042 0 5
149042-149358 0 1
149200 0 4
149358-149595 0 3
149358-149674 0 2
149595 0 5
149674-149990 0 4
149674-150305 0 1
150147 0 4
150226 0 5
150305 0 6
150305-150621 0 2
150463 0 6
150621 0 5
150621-150937 0 3
150779 0 6
150937 0 7
150937-151253 0 1
151095 0 6
151253-151490 0 5
151253-151568 0 2
151490 0 4
151568 0 5
151568-151884 0 1
151726 0 6
151884 0 5
151884-152200 0 3
152042 0 7
152200-152516 0 6
152200-152832 0 1
152200-152832 0 2
152832 0 4
152990-153147 0 7
153147 0 5
153147 0 6
153305-153463 0 7
153463 0 4
153621-153779 0 7
153779 0 5
153779 0 6
153937-154095 0 7
154095 0 4
154253-154411 0 7
154411 0 5
154411 0 6
154568 0 1
154568-154726 0 7
154647 0 2
154726 0 4
154726-155200 0 3
154884 0 4
154884-155042 0 7
155042 0 5
155042 0 6
155200 0 2
155200-155358 0 7
155279 0 3
155358 0 1
155358 0 4
155516-155674 0 7
155516-155832 0 1
155674 0 5
155674 0 6
155832-155990 0 7
155990 0 1
155990 0 4
156147-156305 0 7
156305 0 5
156305 0 6
156305-156621 0 1
156463-156621 0 7
156621 0 1
156621 0 4
156779 0 4
156779-156937 0 7
156779-157095 0 1
156937 0 4
156937 0 5
156937 0 6
157095 0 4
157095-157253 0 7
157253 0 1
157253 0 4
157411 0 4
157411-157568 0 7
157568 0 4
157568 0 5
157568 0 6
157568-157884 0 1
157726 0 4
157726-157884 0 7
157884-158200 0 2
157884-158200 0 7
158358 0 1
158358 0 7
158437 0 2
158437 0 6
158516-158832 0 5
158516-159147 0 3
158832-159147 0 7
159147-159621 0 6
159305 0 2
159463 0 3
159621 0 4
159621 0 5
159779 0 3
159779-160253 0 6
159937 0 2
160095 0 1
160253 0 3
160253 0 6
160411-161042 0 2
160411-161042 0 7
161042-161674 0 3
161042-161674 0 5
161674-162305 0 7
161674-162937 0 1
162305-162937 0 6
162937-163253 0 2
162937-163253 0 7
163411 0 1
163411 0 7
163490 0 2
163490 0 6
163568-163884 0 5
163568-164200 0 3
163884-164200 0 7
164200-164674 0 6
164358 0 2
164516 0 3
164674 0 4
164674 0 5
164832 0 3
164832-165305 0 6
164990 0 2
165147 0 1
165305 0 3
165305 0 6
165463-166095 0 2
165463-166095 0 7
166095-166726 0 3
166095-166726 0 5
166726-167358 0 5
166726-167358 0 6
166726-167990 0 1
167358-167990 0 4
167358-167990 0 7
167832 0 5
167911 0 6
167990 0 7
167990-168305 0 2
168147 0 6
168305 0 1
168305 0 7
168463 0 2
168463-168937 0 5
168621-168937 0 3
168937 0 2
169095 0 1
169095 0 4
169174 0 5
169253 0 6
169253-169726 0 3
169411-169726 0 5
169726-170200 0 7
169726-170358 0 2
170358 0 7
170437 0 6
170516-170726 0 3
170516-170726 0 7
170726-170937 0 2
170726-170937 0 6
170937-171147 0 1
170937-172884 0 5
171147-173042 0 2
171779-172884 0 4
172884 0 5
172963 0 6
173042 0 7
173042-173358 0 2
173200 0 6
173358 0 1
173358 0 7
173516 0 2
173516-173990 0 5
173674-173990 0 3
173990 0 2
174147 0 1
174147 0 4
174226 0 5
174305 0 6
174305-174779 0 3
174463-174779 0 5
174779-175253 0 7
174779-175411 0 2
175411 0 7
175490 0 6
175568-175779 0 3
175568-175779 0 7
175779-175990 0 2
175779-175990 0 6
175990-176200 0 1
175990-177937 0 5
176200-176832 0 2
176832 0 7
176832-177463 0 1
176990 0 7
177147 0 7
177305 0 7
177463 0 7
177463-178095 0 2
177621 0 7
177779 0 7
177937 0 4
177937 0 7
178016 0 5
178095-178411 0 6
178253 0 1
178411 0 3
178411-178726 0 7
178568 0 1
178726 0 4
178884 0 1
178884 0 5
179042 0 2
179042 0 6
179200 0 1
179200 0 4
179358 0 7
179437 0 6
179516 0 3
179516 0 5
179674 0 2
179674 0 4
179832 0 1
179832 0 3
179990 0 2
180147 0 1
180147 0 7
180305 0 3
180305 0 6
180463 0 1
180463 0 4
180542 0 5
180621-180937 0 6
180779 0 1
180937 0 2
180937-181253 0 7
181095 0 1
181253 0 4
181411 0 1
181411 0 5
181568 0 2
181568 0 6
181726 0 1
181726 0 4
181884 0 7
181963 0 6
182042 0 2
182042 0 5
182200 0 1
182200 0 5
182358 0 2
182358 0 3
182516 0 3
182516 0 4
182674 0 2
182832 0 1
182990 0 4
183068 0 5
183147 0 1
183147-183463 0 6
183305 0 2
183463 0 3
183463-183779 0 7
183621 0 2
183779 0 1
183779 0 4
183937 0 2
183937 0 5
184095 0 3
184095 0 6
184253 0 2
184253 0 4
184411 0 1
184411 0 7
184490 0 2
184490 0 6
184568 0 3
184568 0 5
184726 0 2
184726 0 4
184884 0 3
185042 0 1
185042 0 2
185200 0 2
185200 0 7
185358 0 3
185358 0 6
185516 0 2
185516 0 4
185595 0 5
185674 0 1
185674-185990 0 6
185832 0 2
185990 0 3
185990-186305 0 7
186147 0 2
186305 0 1
186305 0 4
186463 0 2
186463 0 5
186621 0 3
186621 0 6
186779 0 2
186779 0 4
186937 0 1
186937 0 7
187016 0 2
187016 0 6
187095 0 3
187095 0 5
187253 0 2
187253 0 5
187411 0 3
187568 0 2
187568 0 4
187647 0 1
187726 0 2
187884 0 1
187884 0 3
188042 0 2
188200-188516 0 4
188516-188832 0 5
188674 0 2
188832 0 2
188832 0 6
188990 0 3
188990 0 7
189147 0 6
189147-189305 0 2
189305 0 5
189463-189779 0 3
189779-190095 0 4
189937 0 2
190095 0 2
190095 0 5
190253 0 3
190253 0 6
190411 0 5
190411-190568 0 2
190568 0 4
190726-191042 0 2
191042-191200 0 1
191042-191358 0 3
191358 0 3
191358 0 4
191516 0 2
191516 0 7
191674 0 1
191674 0 6
191832 0 2
191832 0 5
191990 0 6
192147 0 5
192200 0 3
192305 0 4
192411 0 3
192463 0 5
192621 0 4
192621-192779 0 2
192779 0 3
192937 0 1
192937 0 2
193095 0 1
193253-193568 0 4
193568 0 2
193568-193884 0 5
193726 0 1
193884 0 2
193884 0 6
194042 0 7
194042-194200 0 3
194200 0 6
194358 0 2
194358 0 5
194516-194832 0 3
194832 0 2
194832-195147 0 4
194990 0 1
195147 0 2
195147 0 5
195305 0 6
195305-195463 0 3
195463 0 5
195621 0 2
195621 0 4
195779 0 3
195779 0 7
195937 0 2
195937 0 6
196095 0 1
196095 0 5
196253 0 3
196253 0 7
196411 0 2
196411-196568 0 6
196568 0 1
196647 0 2
196726 0 3
196726-196884 0 5
197042 0 4
197200 0 3
197200 0 7
197358 0 2
197358 0 7
197516 0 3
197674 0 4
197832 0 3
197832 0 7
197911 0 6
197990 0 2
197990 0 7
198147 0 3
198147 0 7
198305 0 4
198305 0 6
198463 0 3
198621 0 2
198621 0 7
198779 0 3
198937-199253 0 6
198937-199568 0 4
199568 0 3
199647 0 2
199726 0 3
199805 0 4
199884 0 5
199963 0 4
200042 0 5
200121 0 6
200200 0 2
200200-200832 0 7
200279 0 1
200358 0 2
200437 0 3
200516 0 4
200595 0 3
200674 0 4
200753 0 5
200832 0 1
200832-200990 0 6
201147 0 1
201147-201305 0 4
201463 0 1
201463-201621 0 6
201621-201779 0 4
201779 0 1
202095 0 1
202095 0 6
202174 0 4
202253 0 5
202332 0 6
202411 0 1
202411 0 7
202568 0 6
202726 0 1
202726-202884 0 5
202884 0 1
203042 0 1
203358 0 1
203358-203516 0 5
203674 0 1
203674-203832 0 3
203990 0 1
203990-204147 0 5
204147-204305 0 3
204305 0 1
204621 0 1
204621 0 5
204700 0 4
204779 0 3
204858 0 4
204937 0 1
204937 0 5
205095 0 1
205095 0 7
205253 0 1
205253-205411 0 4
205568 0 1
205568-205726 0 6
205884 0 1
205884-206042 0 6
206200 0 1
206200-206358 0 4
206516 0 1
206516-206674 0 6
206674-206832 0 4
206832 0 1
207147 0 1
207147 0 6
207226 0 4
207305 0 5
207384 0 6
207463 0 1
207463 0 7
207621 0 6
207779 0 1
207779-207937 0 5
207937 0 1
208095 0 1
208411 0 1
208411 0 6
208568 0 2
208568 0 5
208726 0 3
208726 0 4
208884 0 2
208884 0 5
209042 0 1
209042 0 4
209200 0 3
209200 0 7
209358 0 2
209358 0 6
209516 0 1
209516 0 5
209674-209832 0 2
209674-209832 0 6
209990 0 1
210068 0 2
210147 0 3
210226 0 5
210305 0 7
210937-211568 0 3
210937-211568 0 6
211568 0 5
211568-211884 0 2
211726 0 4
211884 0 3
211884-212200 0 1
212042 0 4
212200-212516 0 2
212200-212516 0 6
212516 0 3
212516-212832 0 7
212674 0 4
212832-213463 0 3
212832-213463 0 5
213463-214095 0 2
213463-214095 0 4
214095 0 3
214095-214411 0 1
214253 0 4
214411 0 5
214411-214726 0 2
214568 0 6
214726 0 7
214726-215042 0 3
214884 0 5
215042 0 6
215042-215358 0 2
215200 0 7
215358-215674 0 1
215358-215990 0 6
215674-215990 0 2
215990-216621 0 3
215990-216621 0 6
216621 0 5
216621-216937 0 2
216779 0 4
216937 0 3
216937-217253 0 1
217095 0 4
217253-217568 0 2
217253-217568 0 6
217568 0 3
217568 0 5
217726 0 4
217726 0 6
217884-218516 0 3
217884-218516 0 5
218516-219147 0 2
218516-219147 0 4
219147 0 7
219147-219779 0 1
219305 0 6
219463 0 5
219621 0 4
219779 0 5
219779-220095 0 3
219937 0 4
220095 0 3
220095-220411 0 2
220253 0 6
220411-221042 0 1
220411-221042 0 5
221042 0 1
221042-221200 0 6
221358 0 1
221358-221516 0 4
221674 0 1
221674-221832 0 6
221832-221990 0 4
221990 0 1
221990 0 2
222305 0 1
222305 0 6
222384 0 4
222463 0 5
222542 0 6
222621 0 1
222621 0 2
222621 0 7
222779 0 6
222937 0 1
222937-223095 0 5
223095 0 1
223253 0 1
223253 0 2
223568 0 1
223568-223726 0 5
223884 0 1
223884 0 2
223884-224042 0 3
224200 0 1
224200-224358 0 5
224358-224516 0 3
224516 0 1
224516 0 2
224832 0 1
224832 0 5
224911 0 4
224990 0 3
225068 0 4
225147 0 1
225147 0 2
225147 0 5
225305 0 1
225305 0 7
225463 0 1
225463-225621 0 4
225779 0 1
225779-225937 0 6
226095 0 1
226095-226253 0 6
226411 0 1
226411 0 2
226411-226568 0 4
226726 0 1
226726-226884 0 6
226884-227042 0 4
227042 0 1
227042 0 2
227358 0 1
227358 0 6
227437 0 4
227516 0 5
227595 0 6
227674 0 1
227674 0 2
227674 0 7
227832 0 6
227990 0 1
227990-228147 0 5
228147 0 1
228305 0 1
228305 0 2
228621 0 1
228621-228779 0 5
228937 0 1
228937 0 2
228937-229095 0 3
229253 0 1
229253-229411 0 5
229411-229568 0 3
229568 0 1
229568 0 2
229884 0 1
229884 0 5
229963 0 4
230042 0 1
230042 0 3
230121 0 4
230200 0 1
230200 0 5
230358 0 1
230358 0 7
230516 0 1
230516-230674 0 4
230674 0 1
230832 0 1
230990 0 1
231147 0 1
231621 0 3
231700 0 1
231779-231937 0 2
231937-232095 0 3
232095 0 4
232174 0 5
232253 0 6
232332 0 7
232411-232726 0 1
232411-232884 0 6
232726-232884 0 2
232884 0 3
232884 0 7
232963 0 2
232963 0 6
233042-233358 0 1
233042-233674 0 5
233358-233674 0 2
233674-234147 0 1
234147 0 3
234226 0 1
234305-234463 0 2
234463-234621 0 3
234621 0 4
234621-234937 0 1
234700 0 5
234779 0 6
234858 0 7
234937-235174 0 2
234937-235411 0 6
235253 0 2
235411 0 2
235411 0 5
235490 0 6
235568 0 3
235568-236200 0 7
235726 0 4
235884 0 5
236042 0 6
236674 0 3
236753 0 1
236832-236990 0 2
236990-237147 0 3
237147 0 4
237226 0 5
237305 0 6
237384 0 7
237463-237779 0 1
237463-237937 0 6
237779-237937 0 2
237937 0 3
237937 0 7
238016 0 2
238016 0 6
238095-238411 0 1
238095-238726 0 5
238411-238726 0 2
238726-239200 0 1
239200 0 3
239279 0 1
239358-239516 0 2
239516-239674 0 3
239674 0 4
239674-239990 0 1
239753 0 5
239832 0 6
239911 0 7
239990-240226 0 2
239990-240463 0 6
240305 0 2
240463 0 2
240463 0 5
240542 0 6
240621 0 3
240621-241253 0 7
240779 0 4
240937 0 5
241095 0 6
241253 0 1
241253 0 2
241332 0 2
241332 0 3
241411 0 3
241411 0 4
241490 0 4
241490 0 5
241568-241726 0 5
241568-241726 0 6
241884-242200 0 6
242200-242516 0 5
242516 0 2
242516 0 3
242595 0 3
242595 0 4
242674 0 4
242674 0 5
242753 0 5
242753 0 6
242832-242990 0 6
242832-242990 0 7
243147-243463 0 7
243463-243779 0 6
243779 0 1
243937 0 1
244016 0 2
244095 0 3
244253 0 3
244332 0 2
244411 0 3
244490 0 4
244568 0 5
244805 0 5
244884 0 4
244963 0 5
245042 0 1
245042 0 7
245121 0 2
245121 0 6
245200 0 1
245200 0 5
245279 0 2
245279 0 4
245358 0 1
245358 0 3
245437 0 2
245437 0 4
245516 0 1
245516 0 5
245595 0 2
245595 0 6
245674 0 7
245674-246305 0 1
246305 0 1
246305-246937 0 6
246463 0 2
246463 0 3
246621 0 1
246779 0 2
246779 0 3
246937 0 1
246937-247253 0 3
247095 0 2
247174 0 2
247253 0 1
247253-247568 0 4
247411 0 2
247411 0 3
247568 0 1
247568-247884 0 5
247726 0 2
247726 0 3
247884 0 1
247884-248200 0 6
248042 0 2
248042 0 3
248200 0 1
248200-248832 0 7
248358 0 2
248437 0 2
248516 0 1
248674 0 2
248674 0 3
248832 0 1
248832-249463 0 7
248990 0 2
248990 0 3
249147 0 1
249305 0 2
249305 0 3
249463 0 1
249463-249779 0 4
249621 0 2
249700 0 2
249779 0 1
249779-250095 0 6
249937 0 2
249937 0 3
250095 0 1
250095-250411 0 5
250253 0 2
250332 0 2
250411 0 1
250411-250726 0 6
250568 0 2
250647 0 2
250726 0 1
250726 0 7
250884 0 2
250884 0 6
250963 0 2
251042 0 1
251042 0 5
251121 0 2
251200 0 2
251200 0 6
251279 0 2
251358 0 1
251358 0 7
251516 0 4
251674 0 2
251674 0 3
251832 0 4
251990 0 1
252147 0 4
252226 0 4
252305 0 2
252305 0 3
252463 0 4
252621 0 1
252779 0 4
252937 0 2
252937 0 3
253095 0 4
253253 0 1
253411 0 4
253490 0 4
253568 0 2
253568 0 3
253726 0 4
253884-254200 0 3
253884-254200 0 7
254358 0 3
254358 0 6
254516 0 2
254516 0 5
254674 0 2
254674 0 4
254832 0 1
254832 0 3
254990 0 1
254990 0 2
255147 0 2
255147 0 3
255305 0 7
255384 0 6
255463 0 7
255542 0 6
255621 0 7
255700 0 6
255779 0 7
256411 0 1
256411-256726 0 5
256490 0 2
256568 0 3
256647 0 2
256726 0 1
256726-257042 0 4
256805 0 2
256884 0 3
256963 0 2
257042 0 1
257042-257358 0 6
257121 0 2
257200 0 3
257279 0 2
257358 0 1
257358-257674 0 5
257437 0 2
257516 0 3
257595 0 2
257674 0 1
257674 0 7
257753 0 2
257832 0 3
257832-258937 0 6
257911 0 2
257990 0 1
258068 0 2
258147 0 3
258226 0 2
258305 0 1
258384 0 2
258463 0 3
258542 0 2
258621 0 1
258700 0 2
258779 0 3
258858 0 2
258937 0 1
258937-259411 0 7
259016 0 3
259095 0 4
259174 0 3
259253 0 1
259332 0 3
259411 0 4
259411 0 6
259490 0 3
259568 0 1
259568 0 5
259647 0 3
259726 0 4
259726 0 7
259805 0 3
259884 0 1
259884 0 6
259963 0 3
260042 0 4
260042 0 5
260121 0 3
260200 0 1
260200-261463 0 6
260279 0 2
260358 0 4
260437 0 2
260516 0 1
260595 0 2
260674 0 4
260753 0 2
260832 0 1
260911 0 2
260990 0 4
261068 0 2
261147 0 1
261226 0 2
261305 0 4
261384 0 2
261463 0 1
261463-261779 0 5
261542 0 2
261621 0 3
261700 0 2
261779 0 1
261779-262095 0 4
261858 0 2
261937 0 3
262016 0 2
262095 0 1
262095-262411 0 6
262174 0 2
262253 0 3
262332 0 2
262411 0 1
262411-262726 0 5
262490 0 2
262568 0 3
262647 0 2
262726 0 1
262726 0 7
262805 0 2
262884 0 3
262884-263990 0 6
262963 0 2
263042 0 1
263121 0 2
263200 0 3
263279 0 2
263358 0 1
263437 0 2
263516 0 3
263595 0 2
263674 0 1
263753 0 2
263832 0 3
263911 0 2
263990 0 1
263990-264463 0 7
264068 0 2
264147 0 4
264226 0 2
264305 0 1
264384 0 2
264463 0 4
264463 0 5
264542 0 2
264621 0 1
264621 0 4
264700 0 2
264779 0 4
264779 0 5
264858 0 2
264937 0 1
264937 0 6
265016 0 2
265095 0 4
265095 0 7
265174 0 2
265253-265411 0 1
265253-265490 0 6
265490 0 5
265568 0 6
265568-265726 0 1
265647 0 5
265726 0 6
265805 0 5
265884 0 6
265884-266042 0 1
266042 0 3
266200 0 1
266200 0 4
266279 0 2
266358 0 1
266358 0 5
266437 0 2
266516 0 1
266516-267305 0 6
266595 0 2
266674 0 3
266753 0 2
266832 0 1
266911 0 2
266990 0 3
267068 0 2
267147 0 1
267226 0 2
267305 0 3
267384 0 2
267463 0 1
267463 0 4
267542 0 2
267621 0 3
267621 0 5
267700 0 2
267779 0 1
267779-268726 0 6
267858 0 2
267937 0 4
268016 0 2
268095 0 1
268174 0 2
268253 0 4
268332 0 2
268411 0 1
268490 0 2
268568 0 4
268647 0 2
268726 0 1
268726 0 5
268805 0 2
268884 0 4
268884 0 6
268963 0 2
269042 0 1
269042-269358 0 7
269121 0 3
269200 0 4
269279 0 3
269358 0 1
269358-269674 0 6
269437 0 3
269516 0 4
269595 0 3
269674 0 1
269674-269990 0 5
269753 0 3
269832 0 4
269911 0 3
269990 0 1
269990-270305 0 7
270068 0 3
270147 0 4
270226 0 3
270305 0 1
270305-270542 0 6
270384 0 2
270463 0 3
270542 0 2
270542 0 7
270621 0 1
270621 0 6
270700 0 2
270779 0 3
270779 0 5
270858 0 2
270937 0 1
270937 0 4
271016 0 2
271095 0 3
271174 0 2
271253 0 1
271253 0 4
271332 0 2
271411 0 3
271411 0 5
271490 0 2
271568 0 1
271568-272358 0 6
271647 0 2
271726 0 3
271805 0 2
271884 0 1
271963 0 2
272042 0 3
272121 0 2
272200 0 1
272279 0 2
272358 0 3
272437 0 2
272516 0 1
272516 0 4
272595 0 2
272674 0 3
272674 0 5
272753 0 2
272832 0 1
272832-273621 0 6
272911 0 2
272990 0 4
273068 0 2
273147 0 1
273226 0 2
273305 0 4
273384 0 2
273463 0 1
273542 0 2
273621 0 4
273700 0 2
273779 0 1
273779 0 5
273858 0 2
273937 0 4
273937 0 6
274016 0 2
274095 0 1
274095-274411 0 7
274174 0 3
274253 0 4
274332 0 3
274411 0 1
274411-274726 0 5
274490 0 3
274568 0 4
274647 0 3
274726 0 1
274726-275042 0 6
274805 0 3
274884 0 4
274963 0 3
275042 0 1
275042-275358 0 5
275121 0 3
275200 0 4
275279 0 3
275358 0 1
275358-276621 0 7
275437 0 2
275516 0 4
275595 0 2
275674 0 1
275753 0 2
275832 0 4
275911 0 2
276463 0 1
276463 0 3
276621-276937 0 1
276621-276937 0 4
276937-277253 0 2
276937-277253 0 5
277253 0 3
277253-277568 0 6
277411 0 1
277568 0 2
277568-277884 0 7
277726 0 3
277884 0 3
277884-278358 0 6
278042 0 2
278200 0 1
278358 0 5
278358-278674 0 3
278437 0 6
278516-279305 0 5
278674 0 2
278832 0 1
278990-279305 0 2
279305 0 3
279305-279621 0 1
279463 0 4
279621 0 1
279621 0 5
279700 0 2
279779 0 7
279779-280095 0 3
279937 0 6
280095 0 5
280095-280411 0 1
280253 0 4
280332 0 5
280411 0 1
280411-280884 0 6
280568 0 2
280726-281042 0 3
280884 0 5
281042 0 3
281042-281832 0 4
281200 0 1
281358 0 2
281516 0 3
281674-282621 0 2
281832 0 6
281990 0 5
282147 0 6
282305-283095 0 5
282621 0 1
282779 0 2
282937-283726 0 3
283095 0 6
283253 0 5
283411 0 6
283568-284358 0 4
283726 0 2
283884 0 1
284042 0 2
284200-284674 0 3
284358-284674 0 5
284674 0 3
284674 0 7
284832 0 2
284832 0 6
284990 0 1
284990 0 5
285068 0 2
285147 0 3
285147 0 4
285305 0 1
285305 0 5
285384 0 2
285463-286411 0 3
285463-286568 0 6
286411 0 3
286568 0 1
286647 0 5
286726-287358 0 2
286726-287990 0 4
287358-287674 0 1
287674-287832 0 3
287832-287990 0 2
287990-288147 0 1
287990-288621 0 6
288147-288621 0 3
288621 0 2
288621 0 7
288779 0 1
288779 0 6
288858 0 2
288937 0 1
288937 0 5
289095 0 2
289095 0 4
289174 0 5
289253-289884 0 3
289253-289884 0 6
289884 0 1
289884 0 7
290042 0 6
290042-290358 0 2
290200 0 6
290358 0 1
290358 0 5
290516 0 6
290516-290832 0 3
290674 0 5
290832 0 1
290832 0 4
290990 0 2
290990 0 5
291068 0 3
291147 0 2
291147-291463 0 6
291305-291621 0 3
291463 0 7
291621 0 1
291621 0 6
291779 0 5
291779-292095 0 2
291937-292253 0 7
292095 0 1
292174 0 2
292253 0 3
292253 0 6
292332 0 1
292411-292726 0 5
292411-293042 0 2
292884 0 3
292924 0 4
292963 0 5
293003 0 6
293042 0 7
293042-293516 0 2
293200 0 6
293358 0 5
293516 0 7
293516-293832 0 3
293674-293990 0 6
293832 0 2
293911 0 3
293990-294305 0 2
293990-294305 0 5
294305 0 4
294305-294779 0 1
294463-294779 0 7
294779 0 3
294779 0 6
294937 0 2
294937-295253 0 5
295095 0 1
295174 0 3
295253 0 2
295253-295568 0 4
295411 0 1
295568 0 1
295568-295726 0 4
295726-295884 0 3
295884 0 4
295884-296042 0 2
296042-296200 0 1
296200 0 3
296200-296358 0 5
296358-296516 0 4
296516 0 5
296516-296674 0 3
296674-296832 0 2
296832 0 4
296832-296990 0 6
296990-297147 0 5
297147 0 6
297147-297305 0 4
297305-297463 0 3
297463 0 5
297463-297674 0 1
297674-297884 0 4
297779 0 6
297884-298095 0 2
298095-298937 0 3
298095-300621 0 7
299042-299358 0 2
299358-300621 0 1
300621-300937 0 3
300621-300937 0 7
300937-301253 0 1
300937-301253 0 5
301253 0 4
301253-301568 0 6
301332 0 3
301411 0 2
301568-301884 0 1
301568-301884 0 4
301884 0 3
301884 0 7
302042 0 3
302042 0 6
302200 0 1
302200 0 5
302358 0 1
302358 0 6
302516 0 2
302516-303147 0 4
302674 0 1
302832 0 2
302990 0 3
303147 0 2
303147-303463 0 5
303305 0 2
303463 0 3
303463-303779 0 7
303621 0 3
303779 0 1
303779 0 5
303937 0 2
303937 0 7
304095 0 3
304095 0 6
304253 0 2
304253 0 5
304411 0 1
304411 0 4
304568 0 3
304568 0 5
304726 0 2
304726 0 7
304884 0 1
304884 0 6
305042-305358 0 2
305042-305674 0 5
305358 0 1
305516 0 2
305674-305990 0 3
305674-305990 0 7
305990-306305 0 1
305990-306305 0 5
306305 0 4
306305-306621 0 6
306384 0 3
306463 0 2
306621-306937 0 1
306621-306937 0 4
306937 0 4
306937 0 7
307095 0 4
307095 0 6
307253 0 3
307253 0 5
307411 0 3
307411 0 6
307568 0 2
307568-308200 0 4
307726 0 2
307884 0 1
308042 0 2
308200 0 3
308200-308516 0 5
308358 0 1
308516 0 2
308516-308832 0 6
308674 0 3
308832 0 1
308832 0 4
308990 0 2
308990 0 7
309147 0 3
309147 0 6
309305 0 4
309305 0 5
309463 0 1
309463 0 3
309621 0 4
309779 0 3
309779 0 5
309937 0 2
309937 0 6
310095 0 1
310095-310726 0 7
310253 0 2
310411 0 3
310568 0 4
310726 0 1
310726-311200 0 6
310805 0 2
310884 0 3
310963 0 4
311042 0 1
311121 0 2
311200 0 4
311200-311674 0 7
311279 0 5
311358 0 1
311437 0 2
311516 0 3
311595 0 5
311674 0 1
311674-311990 0 6
311753 0 2
311832 0 3
311911 0 4
311990 0 1
311990-312463 0 5
312068 0 2
312147 0 3
312226 0 4
312305 0 1
312384 0 3
312463 0 4
312463-312937 0 7
312542 0 5
312621 0 1
312700 0 2
312779 0 3
312858 0 4
312937 0 1
312937-313253 0 5
313016 0 2
313095 0 3
313174 0 2
313253 0 1
313253-313726 0 4
313332 0 2
313411 0 3
313490 0 2
313568 0 1
313647 0 2
313726 0 3
313726-314200 0 6
313805 0 4
313884 0 1
313963 0 2
314042 0 3
314121 0 4
314200 0 1
314200-314516 0 5
314279 0 2
314358 0 3
314437 0 4
314516 0 1
314516-314832 0 6
314595 0 2
314674 0 3
314753 0 4
314832 0 2
314832 0 7
314911 0 3
314990 0 4
315068 0 3
315147 0 1
315147 0 5
315226 0 2
315305 0 3
315305 0 6
315384 0 4
315463 0 2
315463-315779 0 7
315542 0 3
315621 0 4
315700 0 5
315779 0 1
315779-316253 0 6
315858 0 2
315937 0 3
316016 0 4
316095 0 1
316174 0 2
316253 0 4
316253-316726 0 7
316332 0 5
316411 0 1
316490 0 2
316568 0 3
316647 0 5
316726 0 1
316726-317042 0 6
316805 0 2
316884 0 3
316963 0 4
317042 0 1
317042-317516 0 5
317121 0 2
317200 0 3
317279 0 4
317358 0 1
317437 0 3
317516 0 4
317516-317990 0 7
317595 0 5
317674 0 1
317753 0 2
317832 0 3
317911 0 4
317990 0 1
317990-318305 0 5
318068 0 2
318147 0 3
318226 0 2
318305 0 1
318305-318779 0 4
318384 0 2
318463 0 3
318542 0 2
318621 0 1
318700 0 2
318779 0 3
318779-319253 0 6
318858 0 4
318937 0 1
319016 0 2
319095 0 3
319174 0 2
319253 0 1
319253-319568 0 4
319332 0 2
319411 0 3
319490 0 2
319568 0 1
319568-319884 0 5
319647 0 2
319726 0 3
319805 0 4
319884 0 2
319884 0 6
319963 0 3
320042 0 4
320042 0 7
320121 0 5
320200 0 1
320200 0 6
320279 0 2
320358 0 3
320358 0 5
320437 0 2
320516 0 1
320516-320832 0 4
320595 0 2
320674 0 6
320753 0 7
320832 0 4
320990-321147 0 2
321147 0 6
321147 0 7
321305 0 6
321305 0 7
321305-321463 0 2
321463 0 4
321621 0 4
321621-321779 0 2
321779 0 6
321779 0 7
321937-322095 0 2
322095 0 4
322253-322411 0 2
322411 0 6
322411 0 7
322568 0 6
322568 0 7
322568-322726 0 2
322726 0 4
322884 0 4
322884-323042 0 1
323042 0 6
323042 0 7
323200-323358 0 2
323358 0 4
323516-323674 0 2
323674 0 6
323674 0 7
323832 0 6
323832 0 7
323832-323990 0 2
323990 0 4
324147 0 4
324147-324305 0 2
324305 0 6
324305 0 7
324463-324621 0 2
324621 0 4
324779-324937 0 2
324937 0 6
324937 0 7
325095 0 6
325095 0 7
325095-325253 0 2
325253 0 4
325411 0 4
325411-325568 0 3
325568 0 6
325568 0 7
325726-325884 0 2
325884 0 4
326042 0 3
326200-326516 0 4
326516-326832 0 5
326832-327147 0 6
327147 0 5
327253 0 6
327358 0 5
327463 0 4
327621 0 3
327779-328095 0 4
328095-328411 0 1
328411 0 2
328568 0 3
328726-329042 0 4
329042-329358 0 6
329358 0 5
329516 0 3
329674-329990 0 7
329990 0 6
330147 0 5
330305-330937 0 4
330937-331253 0 2
330937-331568 0 3
331253 0 1
331332 0 2
331411 0 1
331568 0 2
331568-331884 0 7
331726 0 3
331884 0 4
331884-332200 0 6
332042 0 3
332200 0 2
332200-332674 0 5
332358 0 1
332516 0 2
332674 0 1
332674 0 4
332753 0 5
332832 0 3
332832-333463 0 6
332990 0 1
333147 0 2
333305 0 4
333463-333779 0 2
333463-334095 0 3
333779 0 1
333937 0 2
334095 0 3
334095-334411 0 7
334253 0 2
334411 0 4
334411-334726 0 6
334568 0 3
334726 0 2
334726-335200 0 5
334884 0 1
335042 0 2
335200 0 3
335200 0 6
335279 0 5
335358 0 1
335358-335990 0 4
335516 0 2
335674 0 3
335832 0 2
335990-336305 0 2
335990-336621 0 3
336305 0 1
336384 0 2
336463 0 1
336621 0 2
336621-336937 0 7
336779 0 3
336937 0 4
336937-337253 0 6
337095 0 3
337253 0 2
337253-337726 0 5
337411 0 1
337568 0 2
337726 0 1
337726 0 4
337805 0 5
337884 0 3
337884-338516 0 6
338042 0 1
338200 0 2
338358 0 4
338516-338832 0 2
338516-339147 0 3
338832 0 1
338990 0 2
339147 0 3
339147-339463 0 7
339305 0 2
339463 0 4
339463-339779 0 6
339621 0 3
339779 0 2
339779-340253 0 5
339937 0 1
340095 0 2
340253 0 3
340253 0 6
340332 0 5
340411 0 1
340411-341042 0 4
340568 0 2
340726 0 3
340884 0 2
341042 0 1
341042-341358 0 2
341358 0 1
341358-341674 0 3
341516 0 2
341674 0 1
341674-341990 0 4
341832 0 3
341990 0 2
341990-342305 0 5
342147 0 3
342305 0 4
342305-342937 0 6
342463 0 3
342621 0 2
342779 0 1
342937 0 2
342937-343568 0 7
343016 0 3
343095 0 4
343253 0 1
343411 0 2
343568 0 3
343568-343884 0 6
343726 0 4
343884 0 2
343884-344200 0 5
344042 0 3
344200 0 1
344200-344516 0 4
344358 0 2
344516 0 1
344516-344832 0 3
344674 0 2
344832 0 3
344832-345463 0 4
344990 0 2
345147 0 1
345305 0 2
345463 0 1
345463-346095 0 3
345621 0 2
345700 0 2
345779 0 1
345937 0 2
346095-346411 0 2
346095-346726 0 3
346411 0 1
346490 0 2
346568 0 1
346726 0 2
346726-347042 0 7
346884 0 3
347042 0 4
347042-347358 0 6
347200 0 3
347358 0 2
347358-347832 0 5
347516 0 1
347674 0 2
347832 0 1
347832 0 4
347911 0 5
347990 0 3
347990-348621 0 6
348147 0 1
348305 0 2
348463 0 4
348621-348937 0 2
348621-349253 0 3
348937 0 1
349095 0 2
349253 0 3
349253-349568 0 7
349411 0 2
349568 0 4
349568-349884 0 6
349726 0 3
349884 0 2
349884-350358 0 5
350042 0 1
350200 0 2
350358 0 3
350358 0 6
350437 0 5
350516 0 1
350516-351147 0 4
350674 0 2
350832 0 3
350990 0 2
351147 0 3
351147-351937 0 4
351305 0 1
351463 0 3
351621 0 1
351779 0 2
351937 0 1
351937 0 3
352095 0 2
352095 0 4
352253 0 3
352253 0 7
352411 0 1
352411-352568 0 6
352568-352726 0 3
352647 0 5
352726-353437 0 5
352884-353042 0 2
353200 0 1
353358-353674 0 3
353674-353990 0 1
353674-354463 0 4
353990 0 2
354147 0 3
354305 0 2
354463 0 1
354463 0 3
354621 0 2
354621 0 4
354779 0 3
354779 0 5
354937 0 1
354937-355095 0 4
355095-355411 0 2
355174 0 5
355253-356200 0 6
355411-355726 0 1
355726-356042 0 3
356042 0 2
356200-356990 0 4
356200-356990 0 7
356990 0 2
356990 0 4
357147 0 3
357147 0 5
357305 0 2
357305 0 7
357463 0 1
357463-357621 0 6
357621-357937 0 2
357700 0 5
357779-358411 0 4
357937-358253 0 1
358253 0 3
358411-358726 0 2
358411-358726 0 7
358726 0 1
358726-361253 0 6
358884 0 2
359042 0 1
359200 0 2
359358 0 3
359516 0 1
359674 0 2
359832 0 3
359990 0 2
360147 0 3
360305 0 4
360463 0 2
360621 0 3
360779 0 4
360937 0 2
361095 0 3
361253-361726 0 4
361253-361726 0 7
361726-362200 0 2
361726-362200 0 6
362200-362516 0 3
362200-362516 0 5
362516-362990 0 1
362516-362990 0 4
362990-363463 0 2
362990-363463 0 5
363463-363779 0 3
363463-363779 0 6
363779 0 7
363779-364253 0 2
363937 0 5
364016 0 6
364095-365042 0 7
364253-364726 0 4
364726-365042 0 3
365042 0 6
365042-365516 0 1
365200 0 4
365279 0 5
365358-366305 0 6
365516-365990 0 3
365990-366305 0 2
366305-366779 0 3
366305-367147 0 7
366779-367147 0 2
367147 0 4
367147-367568 0 1
367358 0 5
367568-368042 0 3
367568-368358 0 6
368042-368358 0 2
368358 0 4
368358 0 7
368516-368832 0 3
368516-368832 0 6
368832-369305 0 2
368832-369779 0 5
369305-369621 0 1
369621-369937 0 1
369779-370095 0 7
369937 0 3
370095 0 2
370095-370332 0 6
370332 0 1
370332 0 5
370411-371042 0 2
370411-372621 0 4
371042-371358 0 1
371358-371595 0 2
371595 0 3
371674-372621 0 6
372621 0 4
372621 0 7
372832 0 3
372832 0 6
373042 0 2
373042 0 5
373253-373884 0 1
373253-373884 0 4
374042 0 2
374137 0 3
374200 0 5
374358 0 4
374437 0 6
374516-374832 0 7
374832-375147 0 5
375147-375463 0 1
375305-375621 0 7
375463-376095 0 3
375621-375937 0 6
375937-376253 0 5
376095-376411 0 2
376253 0 4
376411 0 3
376411-376726 0 1
376621 0 4
376726-377358 0 2
376832 0 5
377042-377674 0 6
377358-378621 0 1
377674 0 4
377884 0 3
378095 0 2
378305 0 5
378516 0 4
378621-379884 0 2
378726 0 3
378937 0 6
379147 0 5
379358 0 4
379568 0 7
379779 0 6
379884-380200 0 3
379990 0 5
380200 0 1
380200-381042 0 6
380358 0 1
380437 0 2
380516-381463 0 3
381042 0 5
381253 0 6
381463 0 3
381463-382726 0 7
381621 0 3
381700 0 4
381779-382726 0 5
382726-383200 0 1
383042-383200 0 3
383200 0 1
383200 0 2
383279 0 3
383358 0 2
383358-383674 0 4
383516 0 2
383674 0 4
383832 0 2
383832 0 5
383911 0 6
383990 0 1
383990 0 5
384305-384463 0 3
384305-384621 0 6
384463 0 1
384621 0 2
384621-385095 0 7
384779 0 2
384937 0 4
385095 0 2
385095 0 6
385174 0 5
385253 0 1
385253-385568 0 4
385568-385726 0 3
385726 0 1
385884 0 2
385884-386042 0 4
386042 0 2
386121 0 3
386200 0 4
386358 0 2
386358 0 5
386437 0 6
386516 0 1
386516 0 5
386832-386990 0 3
386832-387463 0 4
386990 0 1
387147 0 2
387305 0 2
387463 0 4
387463-387779 0 3
387621 0 2
387779-388253 0 1
388095-388253 0 3
388253 0 1
388253 0 2
388332 0 3
388411 0 2
388411-388726 0 4
388568 0 2
388726 0 4
388884 0 2
388884 0 5
388963 0 6
389042 0 1
389042 0 5
389358-389516 0 3
389358-389674 0 6
389516 0 1
389674 0 2
389674-390147 0 7
389832 0 2
389990 0 4
390147 0 2
390147 0 6
390226 0 5
390305 0 1
390305-390621 0 4
390621-390779 0 3
390779 0 1
390937 0 2
390937-391095 0 4
391095 0 2
391174 0 3
391253 0 4
391411 0 2
391411 0 5
391490 0 6
391568 0 1
391568 0 5
391884-392042 0 3
391884-392516 0 4
392042 0 1
392200 0 2
392358 0 2
392516 0 4
392516-392832 0 3
392674 0 2
392832-393305 0 3
392832-393305 0 5
393305 0 2
393305 0 4
393463-394095 0 1
393463-394095 0 3
394095-394568 0 4
394095-394568 0 6
394568 0 2
394568 0 5
394726-395358 0 1
394726-395358 0 4
395358-395832 0 5
395358-395832 0 7
395832 0 4
395832 0 6
395990 0 3
395990 0 5
396147 0 2
396147 0 4
396305 0 1
396305 0 3
396463 0 1
396463 0 2
396621-396937 0 1
396621-396937 0 3
396937-397253 0 4
397253 0 2
397253-397568 0 7
397411-397884 0 1
397568-397884 0 6
397884-398358 0 1
398200-398358 0 3
398358 0 1
398358 0 2
398437 0 3
398516 0 2
398516-398835 0 4
398675 0 2
398835 0 4
398995 0 2
398995 0 5
399074 0 6
399154 0 1
399154 0 5
399477-399638 0 3
399477-399799 0 6
399638 0 1
399799 0 2
399799-400288 0 7
399962 0 2
400125 0 4
400288 0 2
400288 0 6
400370 0 5
400451 0 1
400451-400781 0 4
400781-400946 0 3
400946 0 1
401111 0 2
401111-401277 0 4
401277 0 2
401361 0 3
401444 0 4
401611 0 2
401611 0 5
401694 0 6
401777 0 1
401777 0 5
402115-402283 0 3
402115-402793 0 4
402283 0 1
402452 0 2
402622 0 2
402793 0 4
402793-403133 0 3
402963 0 2
403133-403651 0 1
403478-403651 0 3
403651 0 1
403651 0 2
403737 0 3
403823 0 2
403823-404172 0 4
403998 0 2
404172 0 4
404346 0 2
404346 0 5
404434 0 6
404521 0 1
404521 0 5
404874-405050 0 3
404874-405227 0 6
405050 0 1
405227 0 2
405227-405762 0 7
405405 0 2
405584 0 4
405762 0 2
405762 0 6
405852 0 5
405941 0 1
405941-406302 0 4
406302-406483 0 3
406483 0 1
406664 0 2
406664-406845 0 4
406845 0 2
406935 0 3
407025 0 4
407206 0 2
407206 0 5
407296 0 6
407387 0 1
407387 0 5
407748-407929 0 3
407748-408110 0 4
407929 0 1
408110 0 2
408290 0 2
408471 0 4
408652 0 2
412071 0 1
412071 0 7
412178 0 7
412285 0 2
412392 0 7
412499 0 1
412499 0 4
412499 0 5
412499 0 7
412714 0 2
412714 0 7
412928 0 1
412928 0 7
413035 0 4
413035 0 5
413035 0 7
413142 0 2
413249 0 7
413357 0 1
413357 0 4
413357 0 5
413357 0 7
413571 0 2
413571 0 7
413785 0 1
413785 0 7
413892 0 7
413999 0 2
414107 0 7
414214 0 1
414214 0 4
414214 0 5
414214 0 7
414428 0 2
414428 0 7
414642 0 1
414642 0 7
414749 0 4
414749 0 5
414749 0 7
414857 0 2
414964 0 7
415071 0 1
415071 0 4
415071 0 5
415071 0 7
415285 0 2
415285 0 7
415499 0 1
415499 0 7
415607 0 7
415714 0 2
415821 0 7
415928 0 1
415928 0 4
415928 0 5
415928 0 7
416142 0 2
416142 0 7
416357 0 1
416357 0 7
416464 0 4
416464 0 5
416464 0 7
416571 0 2
416678 0 7
416785 0 1
416785 0 4
416785 0 5
416785 0 7
416999 0 2
416999 0 7
417214 0 1
417214 0 7
417321 0 7
417428 0 2
417535 0 7
417642 0 4
417642 0 5
417642 0 7
417857 0 2
417857 0 7
418071 0 7
418178 0 4
418178 0 5
418178 0 7
418285 0 2
418392 0 7
418499 0 1
418499 0 4
418499 0 5
418499 0 7
418714 0 2
418714 0 7
418928-419142 0 4
419142-419357 0 2
419357-419571 0 3
419571 0 1
419571-419999 0 4
419999-420428 0 5
419999-420642 0 1
420428-420642 0 6
420642 0 2
420642-421285 0 7
421285 0 2
421285 0 6
421714-422142 0 1
421714-422142 0 5
422142-422357 0 2
422142-422357 0 6
422357 0 1
422357-424071 0 4
422571 0 2
422785 0 3
422999-423428 0 1
423428 0 2
423642 0 3
423857-424285 0 1
424285 0 3
424499 0 2
424714-425357 0 1
425357-425571 0 3
425571 0 4
425785 0 2
425785-426857 0 7
426428 0 2
426857 0 3
426857-427071 0 7
427071-427285 0 6
427071-427499 0 1
427285 0 5
427499-428142 0 4
428142 0 2
428142-428357 0 3
428571-428999 0 1
428571-428999 0 3
428999 0 4
429214-430071 0 6
429857 0 3
430285-430714 0 1
430714-430928 0 5
430928-431142 0 4
431142-431357 0 3
431571 0 2
431571-432214 0 7
431785 0 4
431999-432214 0 3
432214-432428 0 6
432428 0 2
432428-432642 0 5
432642-432857 0 1
432642-432857 0 4
432857-433071 0 3
433071 0 2
433285-433499 0 6
433499-433714 0 2
433714-433928 0 5
434142-434357 0 4
434357 0 1
434357-434571 0 3
434571 0 2
434571 0 6
434785 0 3
434785 0 5
434999-435428 0 1
434999-435428 0 4
435428 0 2
435857 0 3
436071-436285 0 1
436071-436285 0 5
436285-436499 0 4
436499-436714 0 3
436714-436928 0 4
436928-437142 0 2
437142-437357 0 5
437571-437785 0 6
437785-437999 0 3
437785-437999 0 6
437999 0 7
438214 0 2
438214 0 6
438428 0 1
438428-438642 0 5
438857 0 1
438857-439071 0 4
439285 0 2
439285-439499 0 3
439499-439714 0 6
439714-439928 0 5
439928-440142 0 4
440142-440357 0 6
440142-440571 0 2
440571-440785 0 5
440571-440999 0 1
440999-441214 0 4
441214-441428 0 6
441428-441642 0 5
441642-441857 0 4
441857-442071 0 5
441857-442285 0 2
442285-442499 0 6
442285-442714 0 1
442714-442928 0 7
442928 0 1
442928-444214 0 5
443035 0 7
443142 0 1
443249 0 7
443357 0 1
443464 0 7
443571 0 1
443678 0 7
443785 0 1
443892 0 7
443999 0 1
444107 0 7
444214 0 1
444214-444642 0 4
444321 0 7
444428 0 1
444535 0 7
444642 0 1
444642 0 2
444642-446142 0 3
444749 0 6
444749 0 7
444857 0 1
444857 0 2
444964 0 6
444964 0 7
445071 0 1
445071 0 2
445178 0 6
445178 0 7
445285 0 1
445285 0 2
445392 0 6
445392 0 7
445499 0 1
445499 0 2
445607 0 6
445607 0 7
445714 0 1
445714 0 2
445821 0 6
445821 0 7
445928 0 1
445928 0 2
446035 0 6
446035 0 7
446142 0 4
446249 0 5
446357 0 2
446357-446785 0 6
446571 0 1
446678 0 2
446785 0 3
446999 0 3
446999 0 6
447107 0 4
447107 0 7
447214 0 3
447214 0 6
447428 0 2
447428 0 5
447642 0 1
447642 0 4
447857 0 3
447857 0 7
448071 0 4
448071-449357 0 6
448178 0 2
448285 0 3
448392 0 5
448499 0 4
448607 0 1
448714 0 2
448821 0 3
448928 0 2
449142 0 2
449357-449785 0 1
449571 0 4
449678 0 5
449785 0 2
449785-450214 0 6
449999 0 1
450107 0 2
450214 0 3
450428 0 3
450428 0 6
450535 0 4
450535 0 7
450642 0 3
450642 0 6
450857 0 2
450857 0 5
451071 0 1
451071 0 4
451285 0 3
451285 0 6
451499-451928 0 1
451499-452785 0 5
451928-452357 0 2
452357 0 2
452571 0 2
452785 0 3
452999 0 1
452999 0 4
453107 0 2
453107 0 5
453214 0 3
453214-453642 0 6
453321 0 1
453428 0 2
453535 0 3
453642 0 4
453857 0 3
453857 0 6
453964 0 7
454071 0 2
454071 0 6
454285 0 2
454285 0 4
454499 0 1
454499-454714 0 3
454714 0 2
454714 0 4
454928 0 3
454928-455357 0 5
455035 0 1
455142 0 2
455249 0 3
455357 0 4
455357-455785 0 6
455464 0 2
455571 0 3
455678 0 4
455785 0 5
455785-456214 0 7
455999 0 1
456053 0 2
456107 0 4
456160 0 6
456214 0 7
456428 0 5
456535 0 6
456642 0 1
456642-456857 0 7
456857-457071 0 5
457071-457285 0 6
457285 0 1
457285-457499 0 7
457499 0 2
457499 0 6
457607 0 4
457714 0 2
457714 0 5
457821 0 6
457928 0 1
457928 0 5
458035 0 3
458142 0 2
458142 0 4
458249 0 5
458357 0 3
458357-459642 0 4
458464 0 1
458571 0 2
458678 0 3
458785 0 2
458892 0 1
458999 0 2
459107 0 3
459214 0 2
459428 0 2
459642-460071 0 1
460071 0 1
460285 0 4
460392 0 5
460499-460714 0 6
460714-460928 0 1
460714-460928 0 7
460928 0 2
460928-461142 0 6
461142 0 2
461142 0 6
461214 0 7
461285 0 6
461357-461571 0 2
461357-461571 0 5
461571 0 4
461571-461785 0 2
461785 0 1
461785-461999 0 3
461999 0 2
462214-462428 0 4
462428-462749 0 1
462428-462857 0 6
462857-463285 0 2
462857-463285 0 5
463285 0 2
463285-463499 0 4
463499 0 1
463499 0 3
463714 0 4
463821 0 5
463928-464142 0 6
464142-464357 0 1
464142-464357 0 7
464357-464571 0 2
464357-464571 0 6
464571 0 2
464571 0 6
464642 0 7
464714 0 6
464785-464999 0 3
464785-464999 0 5
464999 0 4
464999-465214 0 1
465214 0 1
465214-465428 0 3
465428 0 2
465642-465857 0 5
465857-466178 0 3
465857-466285 0 6
466285-466714 0 2
466285-466714 0 7
466714 0 1
466714 0 4
466821 0 5
466928 0 3
466928-468214 0 7
467035 0 2
467142 0 1
467249 0 3
467357 0 4
467571 0 4
467571-467785 0 2
467678 0 5
467785 0 6
467999 0 2
468214-468428 0 3
468428 0 5
468428-468642 0 2
468535 0 6
468642 0 1
468642 0 4
468642-469928 0 7
468749 0 3
468857 0 2
468964 0 3
469071 0 4
469285 0 4
469285-469499 0 1
469392 0 5
469499 0 6
469714 0 1
469928-470142 0 3
470142 0 4
470142-470357 0 1
470249 0 5
470357 0 3
470357-471642 0 6
470464 0 2
470571 0 1
470678 0 3
470785 0 2
470892 0 1
470999 0 3
471107 0 2
471214 0 1
471321 0 3
471428 0 1
471535 0 2
471642 0 3
471749 0 1
471857 0 2
471964 0 3
472071-472714 0 4
472071-472714 0 7
472714 0 3
472714 0 6
472821 0 2
472821 0 5
472928-473357 0 1
472928-473357 0 4
473571 0 4
473678 0 5
473785 0 2
473785-474214 0 6
473999 0 1
474107 0 2
474214 0 3
474428 0 3
474428 0 6
474535 0 4
474535 0 7
474642 0 3
474642 0 6
474857 0 2
474857 0 5
475071 0 1
475071 0 4
475285 0 3
475285 0 7
475499 0 4
475499-476785 0 6
475607 0 2
475714 0 3
475821 0 5
475928 0 4
476035 0 1
476142 0 2
476249 0 3
476357 0 2
476571 0 2
476785-477214 0 1
476999 0 4
477107 0 5
477214 0 2
477214-477642 0 6
477428 0 1
477535 0 2
477642 0 3
477857 0 3
477857 0 6
477964 0 4
477964 0 7
478071 0 3
478071 0 6
478285 0 2
478285 0 5
478499 0 1
478499 0 4
478714 0 3
478714 0 6
478928-479357 0 1
478928-480214 0 5
479357-479785 0 2
479785 0 2
479999 0 2
480214 0 3
480428 0 1
480428 0 4
480535 0 2
480535 0 5
480642 0 3
480642-481071 0 6
480749 0 1
480857 0 2
480964 0 3
481071 0 4
481285 0 3
481285 0 6
481392 0 7
481499 0 2
481499 0 6
481714 0 2
481714 0 4
481928 0 1
481928-482142 0 3
482142 0 2
482142 0 4
482357 0 3
482357-482785 0 5
482464 0 1
482571 0 2
482678 0 3
482785 0 4
482785-483214 0 6
482892 0 2
482999 0 3
483107 0 4
483214 0 5
483214-483642 0 7
483428 0 1
483482 0 2
483535 0 4
483589 0 6
483642 0 7
483857 0 5
483964 0 6
484071 0 1
484071-484285 0 7
484285-484499 0 5
484499-484714 0 6
484714 0 1
484714-484928 0 7
484928 0 2
484928 0 6
485035 0 4
485142 0 2
485142 0 5
485249 0 6
485357 0 1
485357 0 5
485464 0 3
485571 0 2
485571 0 4
485678 0 5
485785 0 3
485785-487071 0 4
485892 0 1
485999 0 2
486107 0 3
486214 0 2
486321 0 1
486428 0 2
486535 0 3
486642 0 2
486857 0 2
487499-487714 0 2
487499-488142 0 5
487928-488142 0 1
488142 0 4
488249 0 5
488357-488999 0 6
488571-488785 0 3
488785-488999 0 2
488999 0 1
488999-489214 0 7
489107 0 3
489214-489428 0 2
489214-489535 0 6
489428-489642 0 1
489535 0 4
489642-489857 0 2
489642-490499 0 5
489857-490071 0 3
490071-490285 0 2
490499-490714 0 1
490499-490928 0 3
490928-491142 0 2
490928-491571 0 5
491357-491571 0 1
491571 0 4
491678 0 5
491785-492428 0 6
491999-492214 0 3
492214-492428 0 2
492428 0 1
492428-492642 0 7
492535 0 2
492642-492857 0 3
492642-492857 0 6
492964 0 4
493071-493285 0 1
493071-493928 0 7
493285-493499 0 3
493499-493714 0 2
493928-494142 0 1
493928-494357 0 5
494357 0 4
494357-494999 0 7
494499 0 1
494642 0 4
494785 0 4
494928 0 1
494999 0 6
495071 0 4
495107 0 5
495214 0 3
495214-495857 0 6
495357 0 1
495499 0 3
495642 0 3
495785 0 1
495857 0 5
495928 0 3
495964 0 4
496071 0 2
496071-496714 0 5
496214 0 1
496357 0 2
496499 0 2
496642 0 1
496714 0 4
496785 0 2
496821 0 3
496928 0 7
496928-497357 0 4
497071 0 5
497214 0 7
497357 0 7
497357-497571 0 3
497499 0 5
497571-497785 0 2
497642 0 6
497785 0 4
497785-498107 0 1
497928 0 5
498071 0 6
498107 0 2
498214 0 6
498214-499071 0 3
498357 0 4
498499 0 6
498642 0 5
498785 0 6
498928 0 7
499071 0 7
499071-499499 0 5
499214 0 6
499357 0 7
499499 0 6
499499-499821 0 4
499642 0 5
499785 0 7
499821 0 3
499928 0 6
499928-500785 0 2
500071 0 5
500214 0 7
500357 0 6
500499 0 5
500642 0 7
500785 0 6
500785-500999 0 4
500928 0 5
500999-501214 0 3
501071 0 7
501214 0 6
501214-501535 0 2
501357 0 7
501499 0 6
501535 0 3
501642 0 2
501642-501964 0 4
501785 0 1
501928 0 2
501964 0 5
502071 0 3
502071-502499 0 6
502214 0 2
502357 0 3
502499 0 4
502499-502928 0 7
502642 0 3
502785 0 2
502928 0 3
502928-503249 0 6
503071 0 1
503214 0 3
503249 0 5
503357 0 3
503357-504642 0 4
503499 0 1
503642 0 3
503785 0 3
503928 0 1
504071 0 3
504214 0 3
504357 0 1
504499 0 3
504642-504928 0 3
504642-505499 0 6
504928 0 1
505071-505357 0 3
505499-505785 0 3
505499-506214 0 4
505785 0 1
505928-506214 0 3
506214 0 6
506357-506642 0 2
506357-507214 0 5
506642 0 1
506785-507071 0 2
507214-507499 0 2
507214-508071 0 3
507499 0 1
507642-507928 0 2
508071-508357 0 2
508071-508928 0 4
508357 0 1
508499-508785 0 2
508785 0 1
508928-509214 0 2
508928-509214 0 3
509214 0 1
509214 0 6
509642 0 1
509642 0 4
509785-510071 0 2
509785-510642 0 5
510071 0 1
510214-510499 0 2
510642-510928 0 2
510642-511499 0 4
510928 0 1
511071-511357 0 2
511499-512357 0 5
511785-512071 0 3
512071-512357 0 3
512357-513071 0 4
512642-512928 0 2
512928-513214 0 2
513071 0 5
513214-514071 0 6
513499-513785 0 1
513785-514071 0 1
514071-514357 0 2
514071-514928 0 4
514357-514785 0 1
514928-515785 0 5
515214-515499 0 3
515499-515785 0 3
515785-516071 0 4
516071 0 2
516071 0 5
516499 0 3
516642-516928 0 1
516642-518357 0 6
516928-517214 0 2
517214-517499 0 3
517499-518357 0 4
518357-518642 0 4
518357-518642 0 7
518642-518928 0 3
518642-519071 0 6
518928-519214 0 2
519071 0 4
519214-519499 0 1
519214-520071 0 6
519499-519785 0 3
519785-520071 0 2
520071-520357 0 1
520071-520357 0 5
520357-520642 0 2
520357-520785 0 6
520642-520928 0 3
520785 0 5
520928-521214 0 1
520928-521785 0 4
521214-521499 0 3
521499-521785 0 2
521785-522071 0 3
521785-522071 0 5
522071-522357 0 2
522071-522499 0 4
522357-522642 0 1
522499 0 3
522642-522928 0 2
522642-523499 0 5
522928-523214 0 1
523214-523499 0 3
523499-523785 0 2
523499-523785 0 4
523785-524071 0 1
523785-524214 0 3
524071-524357 0 2
524214 0 4
524357 0 2
524357-525214 0 6
524499 0 1
524642 0 2
524785 0 2
524928-525214 0 3
525214-525499 0 4
525214-525499 0 7
525499-525785 0 3
525499-525928 0 6
525785-526071 0 2
525928 0 4
526071-526357 0 1
526071-526928 0 5
526357-526642 0 3
526642-526928 0 2
526928-527214 0 1
526928-527214 0 4
527214-527499 0 2
527214-527642 0 5
527499-527785 0 3
527642 0 6
527785-528071 0 4
527785-528642 0 7
528071-528357 0 3
528357-528642 0 4
528642-528928 0 2
528642-528928 0 6
528928-529214 0 3
528928-529357 0 4
529214-529499 0 1
529357 0 3
529499-529785 0 2
529499-530357 0 5
529785-530071 0 1
530071-530357 0 3
530357-530642 0 4
530357-530642 0 6
530642-530928 0 3
530642-531071 0 5
530928-531214 0 2
531071 0 6
531214-531499 0 1
531214-532071 0 7
531499-531785 0 3
531785-532071 0 2
532071 0 2
532071-532285 0 5
532285 0 1
532285-532499 0 4
532499 0 2
532499-532714 0 5
532714-533142 0 4
532714-533142 0 7
533142 0 3
533142-533571 0 6
533357 0 2
533571 0 1
533571-533785 0 5
533785 0 7
533785-533999 0 4
533999 0 6
533999-534642 0 3
534214 0 5
534428 0 4
534642 0 3
534642-535071 0 2
534857 0 4
535071 0 5
535071-535499 0 1
535285 0 6
535499 0 2
535499-535714 0 5
535714 0 1
535714-535928 0 4
535928 0 2
535928-536142 0 5
536142-536571 0 3
536142-536571 0 6
536571 0 4
536571-536999 0 5
536785 0 3
536999 0 2
536999-537214 0 4
537214 0 1
537214-537428 0 5
537428 0 2
537428-538071 0 7
537642 0 4
537857 0 6
538071 0 7
538071-538499 0 4
538285 0 6
538499 0 5
538499-538928 0 3
538714 0 4
538928 0 2
538928-539142 0 5
539142 0 1
539142-539357 0 4
539357 0 2
539357-539571 0 5
539571-539999 0 3
539571-539999 0 7
539999 0 3
539999-540428 0 6
540214 0 2
540428 0 1
540428-540642 0 5
540642 0 7
540642-540857 0 4
540857 0 6
540857-541499 0 3
541071 0 5
541285 0 4
541499 0 3
541499-541928 0 2
541714 0 4
541928 0 5
541928-542357 0 1
542142 0 6
542357 0 2
542357-542571 0 5
542571 0 1
542571-542785 0 4
542785 0 2
542785-542999 0 5
542999-543428 0 3
542999-543428 0 6
543428 0 3
543428-543857 0 5
543642 0 2
543857 0 1
543857-544071 0 3
544071 0 7
544071-544928 0 4
544285 0 6
544499 0 5
544714 0 6
544928 0 2
544928-545357 0 1
545142 0 3
545357 0 4
545357-545785 0 2
545571 0 5
545785 0 4
545785-546642 0 6
545999 0 3
546214-546642 0 2
546642 0 1
546642-547499 0 7
546857 0 2
547071 0 3
547285 0 4
547499 0 5
547499-547714 0 6
547714 0 4
547714-547928 0 7
547928-548142 0 6
547928-548357 0 3
548142-548357 0 5
548357 0 1
548357-549214 0 4
548571 0 2
548785 0 3
548999 0 5
549214 0 7
549214-550071 0 3
549428 0 6
549642-550071 0 5
550071 0 1
550071-550928 0 5
550285 0 2
550499 0 3
550714 0 4
550928 0 1
550928-551142 0 6
551142 0 2
551142-551357 0 7
551357 0 3
551357-551571 0 6
551571 0 4
551571-551785 0 5
551785-552642 0 3
551785-552642 0 4
552642 0 4
552642-553499 0 5
552857 0 3
553071-553499 0 2
553499 0 1
553499-554357 0 7
553714 0 2
553928 0 3
554142 0 4
554357-554571 0 5
554571-554785 0 4
554785-554999 0 5
554785-555214 0 3
554999-555214 0 6
555214 0 1
555214-556071 0 7
555428 0 2
555642 0 3
555857 0 4
556071 0 3
556071-556499 0 6
556285 0 2
556499-556714 0 5
556499-556928 0 1
556714-556928 0 4
556928 0 1
556928-557785 0 5
557142 0 2
557357 0 3
557571 0 1
557785-557999 0 4
557785-558214 0 2
557999-558214 0 5
558214-558428 0 4
558214-558642 0 2
558428-558642 0 3
558642 0 1
558642-559499 0 2
558857 0 3
559071 0 4
559285 0 5
559499 0 4
559499 0 6
559714 0 3
559928 0 2
560357 0 1
560357 0 7
560571 0 2
560785 0 3
560999 0 4
561214 0 2
561214 0 6
561428 0 3
561428 0 7
561642 0 2
561642 0 6
561857 0 5
562071 0 1
562071 0 4
562285 0 2
562499 0 3
562714 0 4
562928 0 3
563142 0 2
563357 0 1
563785 0 1
563785 0 4
563999 0 2
564214 0 3
564428 0 4
564642 0 1
564642 0 5
564857 0 2
564857 0 6
565071 0 3
565071 0 5
565285 0 4
565499 0 3
566357 0 3
566357 0 5
566571 0 2
566785 0 1
567214 0 1
567214 0 7
567428 0 2
567642 0 3
567857 0 4
568071 0 3
568071 0 5
568285 0 2
568285 0 4
568499 0 1
568499 0 5
568714 0 6
568928 0 1
568928 0 7
569142 0 2
569357 0 3
569571 0 4
569785 0 4
569785 0 6
569999 0 3
570214 0 2
570214 0 5
570428 0 4
570642 0 1
570642 0 5
570857 0 2
571071 0 3
571285 0 1
571499 0 3
571499 0 5
571714 0 4
571714 0 6
571928 0 3
571928 0 5
572142 0 2
572142 0 4
572357 0 1
572357 0 3
