###FILE ALREADY PARSED###
BPM 70 120
8070 0 1
8570 0 2
9070 0 3
9570 0 4
10070 0 2
10070 0 5
10570 0 4
11070 0 5
11570 0 6
12070 0 1
12070 0 4
14070 0 1
15070 0 2
15070 0 3
15570 0 4
16070 0 1
16070 0 5
16570 0 2
16570 0 4
17070 0 3
17070 0 5
17570 0 6
18070 0 1
18070 0 4
18570 0 2
19070 0 3
19570 0 4
20070 0 1
20070 0 5
20570 0 2
20570 0 4
21070 0 3
21070 0 5
21570 0 4
21570 0 7
22070 0 1
22070 0 6
22570 0 2
23070 0 3
23570 0 4
24070 0 1
24570 0 2
25070 0 3
25570 0 4
26070 0 2
26070 0 5
26570 0 4
27070 0 5
27570 0 6
28070 0 1
28070 0 4
30070 0 1
31070 0 2
31070 0 3
31570 0 4
32070 0 1
32070 0 5
32570 0 2
32570 0 4
33070 0 3
33070 0 5
33570 0 6
34070 0 1
34070 0 4
34570 0 2
35070 0 3
35570 0 4
36070 0 1
36070 0 5
36570 0 2
36570 0 4
37070 0 3
37070 0 5
37570 0 4
37570 0 6
38070 0 1
38070 0 7
38570 0 2
38570 0 6
39070 0 3
39070 0 5
39570 0 4
40070 0 4
40070 0 7
42070 0 5
42070 0 6
44070 0 2
44070 0 5
46070 0 3
46070 0 4
48070 0 2
48070 0 3
50070 0 1
50070 0 2
51070 0 1
51570 0 5
52070 0 4
52070 0 5
53070 0 4
53570 0 3
54070 0 1
54070 0 2
55070 0 1
56070-56570 0 1
56570-57070 0 2
57070 0 1
57070-57570 0 3
57570 0 2
57570-58070 0 4
58070 0 3
58070-58570 0 5
58570 0 1
58570-59070 0 4
59070 0 2
59070 0 3
59070-59570 0 5
59570 0 1
59570-60070 0 6
60070 0 3
60070 0 4
60070-62570 0 5
60570 0 1
61070 0 2
61070 0 3
61570 0 1
62070 0 3
62070 0 4
63070 0 1
63070 0 2
63070-63570 0 3
63570-64070 0 4
64028 0 1
64070 0 2
64070-64570 0 5
64111 0 3
64570 0 2
64570-65070 0 4
65070 0 3
65070-65570 0 5
65570 0 4
65570-66070 0 6
66070 0 1
66070 0 3
66070-67070 0 5
66570 0 2
67070-67570 0 3
67570 0 2
67570-68070 0 4
68070 0 1
68070 0 6
68070-68570 0 5
68570 0 2
68570-69070 0 4
69070 0 3
69070 0 7
69070-69570 0 5
69570 0 4
69570-70070 0 6
70070 0 3
70070 0 7
70070-72070 0 5
71070 0 1
71070 0 2
71070 0 4
71070 0 6
71570 0 3
72070-72570 0 1
72570-73070 0 2
73070-73570 0 3
73570 0 2
73570-74070 0 4
74070 0 1
74070-74570 0 5
74570 0 2
74570-75070 0 4
75070 0 3
75070-75570 0 5
75570 0 2
75570-76070 0 6
76070 0 1
76070 0 3
76070-78570 0 5
77070 0 1
77070 0 3
78070 0 1
78070 0 2
79070 0 1
79070 0 2
79070-79570 0 3
79570-80070 0 4
80070 0 2
80070 0 3
80070-80570 0 5
80570 0 1
80570-81070 0 4
81070 0 2
81070 0 3
81070-81570 0 5
81570 0 1
81570-82070 0 6
82070 0 2
82070 0 3
82070-83070 0 5
82570 0 1
83070 0 2
83070-83570 0 3
83570 0 1
83570-84070 0 4
84070 0 2
84070 0 3
84070-84570 0 5
84570-85070 0 4
85070-85570 0 5
85570-86070 0 6
86070 0 3
86070 0 4
86070-86570 0 7
86570-87070 0 6
87070 0 2
87070-87570 0 5
87570-88070 0 6
88070 0 1
88070 0 7
88070-90570 0 4
90070 0 3
90070 0 6
92070 0 3
92070 0 6
92070-93570 0 5
93570-96070 0 4
94070 0 2
94070 0 5
96070 0 2
96070 0 5
98070 0 1
98070 0 4
99070 0 3
99570 0 6
100070 0 5
100070 0 6
101070 0 4
101570 0 3
102070 0 1
102070 0 2
103070 0 1
106632 0 1
107570 0 2
108195 0 3
108695 0 4
109257 0 6
110070 0 4
110070 0 5
110632 0 2
111257 0 3
114570 0 4
115070 0 5
115570 0 6
116070 0 7
116820 0 6
117570 0 4
118070 0 1
118070 0 3
118070 0 4
118570 0 2
118570 0 7
119070 0 3
119070 0 6
119570 0 4
119570 0 5
120570 0 6
121070 0 1
121070 0 5
121570 0 2
121570 0 4
122070 0 1
122570 0 1
122570 0 2
123070 0 2
123070 0 3
123570 0 4
124070 0 3
124570 0 5
125070 0 4
125570 0 6
126070 0 5
126070-128070 0 7
128070 0 4
128070-130070 0 6
130070 0 3
130070-132070 0 5
132070 0 2
132070-134070 0 4
134070 0 7
134070-136070 0 3
136070 0 6
136070-137070 0 2
137070-137570 0 1
137570-138070 0 4
138070 0 7
138070-138570 0 4
139070 0 6
139070-139570 0 3
139570 0 5
139570-140070 0 2
140070 0 4
140070-143070 0 1
145828-146400 0 6
145828-146400 0 7
146400-146971 0 5
146400-146971 0 6
146971-147740 0 4
146971-147740 0 5
147740-148585 0 3
147740-148585 0 4
148585-149275 0 2
148585-149275 0 3
149275-149965 0 1
149275-149965 0 2
150205 0 2
150325 0 3
150445 0 4
150570 0 5
150695 0 4
150945 0 5
151070 0 3
151195 0 5
151320 0 4
151445 0 5
151570 0 6
151695 0 7
151820 0 6
151945 0 5
152070 0 6
152195 0 5
152320 0 6
152382 0 7
152445 0 6
152570 0 5
152695 0 4
152820 0 5
152945 0 6
153195 0 5
153320 0 6
153445 0 7
153570 0 5
153695 0 6
153945 0 4
154070 0 5
154195 0 6
154320 0 5
154445 0 6
154570 0 7
154695 0 6
154820 0 5
154945 0 4
155070 0 3
155195 0 2
155320 0 1
155445 0 2
155570 0 3
155695 0 4
155820 0 3
155945 0 2
156195 0 3
156320 0 4
156445 0 5
156570 0 6
156695 0 3
156820 0 6
156945 0 5
157070 0 4
157195 0 5
157320 0 6
157445 0 7
157570 0 6
157632 0 7
157695 0 6
157820 0 5
157945 0 4
158070 0 3
158195 0 4
158320 0 6
158445 0 5
158570 0 4
158695 0 3
158820 0 2
158945 0 1
159195 0 2
159320 0 3
159445 0 4
159570 0 5
159695 0 3
159820 0 5
159945 0 4
160070 0 3
160195 0 4
160320 0 5
160445 0 6
160570 0 5
160632 0 6
160695 0 5
160820 0 4
160945 0 3
161070 0 2
161195 0 4
161320 0 6
161445 0 5
161570 0 4
161695 0 3
161820 0 2
161945 0 1
162195 0 1
162320 0 2
162445 0 3
162570 0 4
162695 0 3
162945 0 5
163070 0 3
163195 0 5
163320 0 4
163445 0 5
163570 0 6
163695 0 7
163820 0 6
163945 0 5
164070 0 6
164195 0 4
164320 0 5
164382 0 6
164445 0 5
164570 0 4
164695 0 3
164820 0 4
164945 0 5
165195 0 4
165320 0 5
165445 0 7
165570 0 4
165695 0 6
165945 0 4
166070 0 5
166195 0 6
166320 0 5
166445 0 6
166570 0 7
166695 0 6
166820 0 5
166945 0 4
167070 0 3
167195 0 2
167320 0 1
167445 0 2
167570 0 3
167695 0 4
167820 0 3
167945 0 1
168195 0 2
168320 0 3
168445 0 4
168570 0 5
168695 0 4
168820 0 6
168945 0 5
169070 0 3
169195 0 4
169320 0 5
169445 0 7
169570 0 6
169632 0 7
169695 0 6
169820 0 5
169945 0 3
170070 0 2
170195 0 4
170320 0 6
170445 0 5
170570 0 4
170695 0 3
170820 0 2
170945 0 1
171195 0 2
171320 0 3
171445 0 4
171570 0 5
171695 0 3
171820 0 6
171945 0 5
172070 0 2
172195 0 3
172320 0 4
172445 0 7
172570 0 6
172632 0 7
172695 0 6
172820 0 5
172945 0 4
173070 0 3
173195 0 4
173320 0 7
173445 0 6
173570 0 5
173695 0 4
173820 0 3
173945 0 2
174070-177070 0 1
174195 0 3
174320 0 4
174445 0 5
174570 0 6
174695 0 7
174945 0 3
175070 0 4
175195 0 5
175320 0 6
175445 0 7
175695 0 3
175820 0 4
175945 0 5
176070 0 6
176195 0 7
176445 0 3
176570 0 4
176695 0 5
176820 0 6
176945 0 7
177070-180070 0 2
177195 0 3
177320 0 4
177445 0 5
177570 0 6
177695 0 7
177945 0 3
178070 0 4
178195 0 5
178320 0 6
178445 0 7
178695 0 3
178820 0 4
178945 0 5
179070 0 6
179195 0 7
179445 0 3
179570 0 4
179695 0 5
179820 0 6
179945 0 7
180070-183070 0 1
180195 0 3
180320 0 4
180445 0 5
180570 0 6
180695 0 7
180945 0 3
181070 0 4
181195 0 5
181320 0 6
181445 0 7
181695 0 3
181820 0 4
181945 0 5
182070 0 6
182195 0 7
182445 0 3
182570 0 4
182695 0 5
182820 0 6
182945 0 7
183070-186070 0 2
183195 0 3
183320 0 4
183445 0 5
183570 0 6
183695 0 7
183945 0 3
184070 0 4
184195 0 5
184320 0 6
184445 0 7
184695 0 3
184820 0 4
184945 0 5
185070 0 6
185195 0 7
185445 0 3
185570 0 4
185695 0 5
185820 0 6
185945 0 7
186070 0 2
186195 0 3
186320 0 4
186445 0 1
186445 0 5
186570 0 6
186695 0 7
186820 0 2
186945 0 3
187070 0 4
187195 0 1
187195 0 5
187320 0 6
187445 0 7
187570 0 2
187695 0 3
187820 0 4
187945 0 1
187945 0 5
188070 0 6
188195 0 7
188320 0 2
188445 0 3
188570 0 4
188695 0 1
188695 0 5
188820 0 6
188945 0 7
189070 0 2
189195 0 3
189320 0 4
189445 0 1
189445 0 5
189570 0 6
189695 0 7
189820 0 2
189945 0 3
190070 0 4
190195 0 1
190195 0 5
190320 0 6
190445 0 7
190570 0 2
190695 0 3
190820 0 4
190945 0 1
190945 0 5
191070 0 6
191195 0 7
191320 0 2
191445 0 3
191570 0 4
191695 0 1
191695 0 5
191820 0 6
191945 0 7
192070 0 2
192195 0 3
192320 0 4
192445 0 1
192445 0 5
192570 0 6
192695 0 7
192820 0 2
192945 0 3
193070 0 4
193195 0 1
193195 0 5
193320 0 6
193445 0 7
193570 0 2
193695 0 3
193820 0 4
193945 0 1
193945 0 5
194070 0 6
194195 0 7
194320 0 2
194445 0 3
194570 0 4
194695 0 1
194695 0 5
194820 0 6
194945 0 7
195070 0 2
195195 0 3
195320 0 4
195445 0 1
195445 0 5
195570 0 6
195695 0 7
195820 0 2
195945 0 3
196070 0 4
196195 0 1
196195 0 5
196320 0 6
196445 0 7
196570 0 2
196695 0 3
196820 0 4
196945 0 1
196945 0 5
197070 0 6
197195 0 7
197320 0 2
197445 0 3
197570 0 4
197695 0 1
197695 0 5
197820 0 6
197945 0 7
198070 0 3
198070 0 4
198070-201070 0 6
198445 0 1
198445 0 2
198820 0 3
198820 0 4
199195 0 1
199195 0 2
199570 0 3
199570 0 4
199945 0 1
199945 0 2
200320 0 3
200320 0 4
200695 0 1
200695 0 2
201070 0 4
201070 0 5
201070-204070 0 7
201445 0 2
201445 0 3
201820 0 4
201820 0 5
202195 0 2
202195 0 3
202570 0 4
202570 0 5
202945 0 2
202945 0 3
203320 0 4
203320 0 5
203695 0 2
203695 0 3
204070 0 3
204070 0 4
204070-207070 0 6
204445 0 1
204445 0 2
204820 0 3
204820 0 4
205195 0 1
205195 0 2
205570 0 3
205570 0 4
205945 0 1
205945 0 2
206320 0 3
206320 0 4
206695 0 1
206695 0 2
207070 0 4
207070 0 5
207070-208570 0 1
207445 0 2
207445 0 3
207820 0 4
207820 0 5
208195 0 2
208195 0 3
208570 0 4
208570 0 5
208570-210070 0 7
208945 0 2
208945 0 3
209320 0 4
209320 0 5
209695 0 2
209695 0 3
210070-210445 0 3
210445-210820 0 4
210820-211195 0 5
211195-211945 0 6
211945-212320 0 5
212320-212695 0 4
212695-213445 0 2
213445-213820 0 3
214570-214945 0 5
214945-215320 0 4
215320-215695 0 5
215695-216070 0 6
216070-216445 0 7
216445-216820 0 6
217570-217945 0 5
217945-218320 0 4
218320-218695 0 5
218695-219070 0 7
219070-219445 0 6
219445-219820 0 4
219820-220195 0 5
220195-220570 0 3
220570-220945 0 4
220945-221320 0 2
221320-221695 0 3
221695-222070 0 1
222070-222445 0 2
222445-222820 0 3
222820-223195 0 4
223195-223570 0 6
223570-223945 0 5
223945-224320 0 4
224320-224695 0 3
224695-225070 0 1
225070-226570 0 2
226570-226945 0 1
226945-227320 0 2
227320-227695 0 3
227695-228070 0 4
228070-228445 0 5
228445-228820 0 3
228820-229195 0 5
229195-229570 0 7
229570-229945 0 6
230320-230695 0 5
230695-231070 0 7
231070-231445 0 6
231445-231820 0 5
231820-232195 0 4
232195-232570 0 3
232570-232945 0 2
232945-233320 0 1
233320-233695 0 4
233695-234070 0 3
234070 0 6
234070 0 7
234070-234570 0 2
234570-235070 0 3
235070-235570 0 4
235570-237070 0 3
236070 0 5
236070 0 6
237070-237570 0 2
237570-241570 0 3
238070 0 4
238070 0 6
240070 0 4
240070 0 5
241570-242070 0 4
242070 0 6
242070 0 7
242070-242570 0 2
242570-243070 0 3
243070-243570 0 4
243570-245570 0 3
244070 0 5
244070 0 7
245570-246070 0 2
246070 0 5
246070 0 6
246070-246570 0 3
246570 0 4
246736 0 3
246903 0 4
247070-247570 0 5
247570-248320 0 4
248070 0 6
248070 0 7
249070-249570 0 1
249570-250070 0 4
250070 0 5
250070 0 7
250070-250570 0 2
250570-251070 0 3
251070-251570 0 4
251570-253070 0 3
252070 0 6
252070 0 7
253070-253570 0 1
253570-257570 0 3
254070 0 5
254070 0 6
256070 0 4
256070 0 6
257570-258070 0 4
258070 0 5
258070 0 6
258070-258570 0 2
258570-259070 0 3
259070-259570 0 4
259570-261570 0 3
260070 0 4
260070 0 6
261570-262070 0 1
262070 0 6
262070 0 7
262070-262570 0 2
262570-263070 0 3
263070-263570 0 4
263570-264070 0 5
264070 0 6
264070 0 7
264070-264570 0 4
264570-265070 0 3
265070-265570 0 2
265570-266070 0 3
266070-270070 0 2
274070 0 1
274570 0 2
275070 0 3
275570 0 4
276070 0 2
276070 0 5
276570 0 4
277070 0 5
277570 0 6
278070 0 1
278070 0 4
280070 0 1
281070 0 2
281070 0 3
281570 0 4
282070 0 1
282070 0 5
282570 0 2
282570 0 4
283070 0 3
283070 0 5
283570 0 6
284070 0 1
284070 0 4
284570 0 2
285070 0 3
285570 0 4
286070 0 1
286070 0 5
286570 0 2
286570 0 4
287070 0 3
287070 0 5
287570 0 4
287570 0 7
288070 0 1
288070 0 6
288570 0 2
289070 0 3
289570 0 4
290070 0 1
290570 0 2
291070 0 3
291570 0 4
292070 0 2
292070 0 5
292570 0 4
293070 0 5
293570 0 6
294070 0 1
294070 0 4
296070 0 1
297070 0 2
297070 0 3
297570 0 4
298070 0 1
298070 0 5
298570 0 2
298570 0 4
299070 0 3
299070 0 5
299570 0 6
300070 0 1
300070 0 4
300570 0 2
301070 0 3
301570 0 4
302070 0 1
302070 0 5
302570 0 2
302570 0 4
303070 0 3
303070 0 5
303570 0 4
303570 0 6
304070 0 1
304070 0 7
304570 0 2
304570 0 6
305070 0 3
305070 0 5
305570 0 4
306070 0 4
306070 0 7
308070 0 5
308070 0 6
310070 0 2
310070 0 5
312070 0 3
312070 0 4
314070 0 2
314070 0 3
316070 0 1
316070 0 2
317070 0 1
317570 0 5
318070 0 4
318070 0 5
319070 0 4
319570 0 3
320070 0 1
320070 0 2
321070 0 1
322070-322570 0 1
322570-323070 0 2
323070 0 1
323070-323570 0 3
323570 0 2
323570-324070 0 4
324070 0 3
324070-324570 0 5
324570 0 1
324570-325070 0 4
325070 0 2
325070 0 3
325070-325570 0 5
325570 0 1
325570-326070 0 6
326070 0 3
326070 0 4
326070-328570 0 5
326570 0 1
327070 0 2
327070 0 3
327570 0 1
328070 0 3
328070 0 4
329070 0 1
329070 0 2
329070-329570 0 3
329570-330070 0 4
330028 0 1
330070 0 2
330070-330570 0 5
330111 0 3
330570 0 2
330570-331070 0 4
331070 0 3
331070-331570 0 5
331570 0 4
331570-332070 0 6
332070 0 1
332070 0 3
332070-333070 0 5
332570 0 2
333070-333570 0 3
333570 0 2
333570-334070 0 4
334070 0 1
334070 0 6
334070-334570 0 5
334570 0 2
334570-335070 0 4
335070 0 3
335070 0 7
335070-335570 0 5
335570 0 4
335570-336070 0 6
336070 0 3
336070 0 7
336070-338070 0 5
337070 0 1
337070 0 2
337070 0 4
337070 0 6
337570 0 3
338070-338570 0 1
338570-339070 0 2
339070-339570 0 3
339570 0 2
339570-340070 0 4
340070 0 1
340070-340570 0 5
340570 0 2
340570-341070 0 4
341070 0 3
341070-341570 0 5
341570 0 2
341570-342070 0 6
342070 0 1
342070 0 3
342070-344570 0 5
343070 0 1
343070 0 3
344070 0 1
344070 0 2
345070 0 1
345070 0 2
345070-345570 0 3
345570-346070 0 4
346070 0 2
346070 0 3
346070-346570 0 5
346570 0 1
346570-347070 0 4
347070 0 2
347070 0 3
347070-347570 0 5
347570 0 1
347570-348070 0 6
348070 0 2
348070 0 3
348070-349070 0 5
348570 0 1
349070 0 2
349070-349570 0 3
349570 0 1
349570-350070 0 4
350070 0 2
350070 0 3
350070-350570 0 5
350570-351070 0 4
351070-351570 0 5
351570-352070 0 6
352070 0 3
352070 0 4
352070-352570 0 7
352570-353070 0 6
353070 0 2
353070-353570 0 5
353570-354070 0 6
354070 0 1
354070 0 7
354070-356570 0 4
356070 0 3
356070 0 6
358070 0 3
358070 0 6
358070-359570 0 5
359570-362070 0 4
360070 0 2
360070 0 5
362070 0 2
362070 0 5
364641 0 1
364641 0 4
366470 0 3
367570 0 6
369195 0 5
369195 0 6
370847 0 4
371945 0 3